집계일자,집계시,입출구구분코드,TCS하이패스구분코드,고속도로운영기관구분코드,영업형태구분코드,1종교통량,2종교통량,3종교통량,4종교통량,5종교통량,6종교통량,총교통량,
20210406,00,0,1,00,0,2094,73,101,533,125,30,2956,
20210406,00,0,1,00,1,719,23,29,75,12,49,907,
20210406,00,0,1,10,0,80,2,2,6,1,1,92,
20210406,00,0,1,10,1,3,1,0,0,0,1,5,
20210406,00,0,1,44,0,45,1,1,10,3,5,65,
20210406,00,0,1,44,1,10,0,0,0,0,1,11,
20210406,00,0,1,08,0,69,3,4,9,4,2,91,
20210406,00,0,1,08,1,5,0,1,0,0,0,6,
20210406,00,0,1,26,1,52,0,1,0,0,1,54,
20210406,00,0,1,43,1,10,0,0,1,0,0,11,
20210406,00,0,1,01,0,23,1,1,6,4,0,35,
20210406,00,0,1,34,0,25,0,0,5,1,0,31,
20210406,00,0,1,11,0,91,3,2,7,4,7,114,
20210406,00,0,1,18,0,50,5,4,15,3,0,77,
20210406,00,0,1,28,0,69,0,0,5,0,7,81,
20210406,00,0,1,37,0,17,0,0,20,4,1,42,
20210406,00,0,1,46,0,1,0,0,0,2,0,3,
20210406,00,0,2,00,0,9718,1253,791,1450,1433,444,15089,
20210406,00,0,2,00,1,3491,239,99,278,307,169,4583,
20210406,00,0,2,24,1,3,2,0,0,0,0,5,
20210406,00,0,2,10,0,510,16,21,27,29,32,635,
20210406,00,0,2,10,1,29,2,1,4,0,0,36,
20210406,00,0,2,44,0,282,28,14,28,53,17,422,
20210406,00,0,2,44,1,22,0,2,0,0,0,24,
20210406,00,0,2,27,1,275,1,2,0,0,20,298,
20210406,00,0,2,08,0,337,19,3,17,25,13,414,
20210406,00,0,2,08,1,7,0,0,0,0,1,8,
20210406,00,0,2,26,1,95,0,0,0,0,10,105,
20210406,00,0,2,43,1,59,2,0,0,0,6,67,
20210406,00,0,2,01,0,994,61,129,206,270,27,1687,
20210406,00,0,2,34,0,290,28,20,22,31,19,410,
20210406,00,0,2,11,0,475,48,42,27,32,41,665,
20210406,00,0,2,18,0,332,65,80,101,118,24,720,
20210406,00,0,2,28,0,344,14,13,18,8,21,418,
20210406,00,0,2,37,0,49,5,0,15,124,10,203,
20210406,00,0,2,46,0,14,1,7,4,9,0,35,
20210406,00,1,1,00,0,2763,96,111,606,173,278,4027,
20210406,00,1,1,00,1,854,24,28,70,27,67,1070,
20210406,00,1,1,24,1,2,0,1,0,0,0,3,
20210406,00,1,1,10,0,100,3,2,5,0,9,119,
20210406,00,1,1,10,1,5,0,0,0,1,3,9,
20210406,00,1,1,44,0,53,1,3,6,3,9,75,
20210406,00,1,1,44,1,7,0,0,0,0,0,7,
20210406,00,1,1,08,0,100,1,5,6,2,13,127,
20210406,00,1,1,08,1,8,0,2,0,0,0,10,
20210406,00,1,1,26,1,70,1,0,2,0,6,79,
20210406,00,1,1,43,1,62,2,1,7,1,8,81,
20210406,00,1,1,01,0,30,0,2,10,4,3,49,
20210406,00,1,1,34,0,32,0,0,1,0,1,34,
20210406,00,1,1,11,0,102,3,0,7,4,11,127,
20210406,00,1,1,18,0,50,3,2,18,12,5,90,
20210406,00,1,1,28,0,86,0,1,4,0,8,99,
20210406,00,1,1,37,0,15,0,1,11,4,3,34,
20210406,00,1,1,46,0,0,0,0,1,0,1,2,
20210406,00,1,2,00,0,12609,1158,899,1740,1768,560,18734,
20210406,00,1,2,00,1,4156,243,162,267,359,219,5406,
20210406,00,1,2,10,0,539,23,19,22,29,29,661,
20210406,00,1,2,10,1,48,1,1,2,1,3,56,
20210406,00,1,2,44,0,348,29,19,15,54,23,488,
20210406,00,1,2,44,1,13,0,0,0,0,3,16,
20210406,00,1,2,27,1,240,6,0,0,5,19,270,
20210406,00,1,2,08,0,382,14,9,11,51,16,483,
20210406,00,1,2,08,1,4,1,0,0,0,0,5,
20210406,00,1,2,26,1,150,0,0,0,1,10,161,
20210406,00,1,2,43,1,372,18,8,17,18,26,459,
20210406,00,1,2,01,0,1062,60,138,202,270,22,1754,
20210406,00,1,2,34,0,286,21,18,17,32,20,394,
20210406,00,1,2,11,0,537,51,32,30,35,48,733,
20210406,00,1,2,18,0,359,54,59,97,137,27,733,
20210406,00,1,2,28,0,417,16,15,15,12,23,498,
20210406,00,1,2,37,0,64,8,0,17,52,9,150,
20210406,00,1,2,46,0,23,1,7,7,10,3,51,
20210406,01,0,1,00,0,1449,87,106,457,101,18,2218,
20210406,01,0,1,00,1,461,19,24,60,17,38,619,
20210406,01,0,1,10,0,43,1,5,7,3,0,59,
20210406,01,0,1,10,1,4,0,0,0,0,3,7,
20210406,01,0,1,44,0,22,1,2,11,5,3,44,
20210406,01,0,1,44,1,1,0,1,0,0,0,2,
20210406,01,0,1,08,0,58,1,5,6,5,2,77,
20210406,01,0,1,08,1,2,0,0,1,0,0,3,
20210406,01,0,1,26,1,24,0,6,0,1,6,37,
20210406,01,0,1,43,1,8,0,0,0,0,0,8,
20210406,01,0,1,01,0,16,2,0,14,1,0,33,
20210406,01,0,1,34,0,21,0,1,7,1,0,30,
20210406,01,0,1,11,0,51,2,1,6,1,1,62,
20210406,01,0,1,18,0,28,3,4,15,5,1,56,
20210406,01,0,1,28,0,39,0,2,3,2,2,48,
20210406,01,0,1,37,0,11,0,0,13,4,0,28,
20210406,01,0,1,46,0,1,0,0,0,0,0,1,
20210406,01,0,2,00,0,6168,1363,667,1396,1565,261,11420,
20210406,01,0,2,00,1,2157,284,93,243,299,86,3162,
20210406,01,0,2,24,1,10,0,0,0,0,0,10,
20210406,01,0,2,10,0,327,32,21,29,41,22,472,
20210406,01,0,2,10,1,16,1,0,0,1,0,18,
20210406,01,0,2,44,0,160,26,11,24,53,12,286,
20210406,01,0,2,44,1,27,0,0,0,0,3,30,
20210406,01,0,2,27,1,143,1,0,2,0,4,150,
20210406,01,0,2,08,0,160,13,7,8,49,8,245,
20210406,01,0,2,08,1,3,0,0,0,0,0,3,
20210406,01,0,2,26,1,47,0,0,0,1,3,51,
20210406,01,0,2,43,1,32,2,0,1,3,1,39,
20210406,01,0,2,01,0,613,48,90,230,228,18,1227,
20210406,01,0,2,34,0,223,19,23,17,31,5,318,
20210406,01,0,2,11,0,274,73,48,30,42,21,488,
20210406,01,0,2,18,0,192,62,57,61,112,10,494,
20210406,01,0,2,28,0,181,22,12,9,8,16,248,
20210406,01,0,2,37,0,39,7,0,15,77,3,141,
20210406,01,0,2,46,0,12,3,4,6,4,2,31,
20210406,01,1,1,00,0,1821,107,84,563,118,184,2877,
20210406,01,1,1,00,1,565,15,30,80,31,44,765,
20210406,01,1,1,24,1,11,2,0,0,0,1,14,
20210406,01,1,1,10,0,42,1,1,3,2,5,54,
20210406,01,1,1,10,1,6,1,0,1,0,0,8,
20210406,01,1,1,44,0,30,3,0,13,2,4,52,
20210406,01,1,1,44,1,1,0,0,0,0,0,1,
20210406,01,1,1,08,0,60,2,4,7,8,7,88,
20210406,01,1,1,08,1,4,0,0,0,0,0,4,
20210406,01,1,1,26,1,31,0,1,0,0,5,37,
20210406,01,1,1,43,1,38,1,0,5,1,5,50,
20210406,01,1,1,01,0,12,1,3,8,1,0,25,
20210406,01,1,1,34,0,25,1,0,0,0,0,26,
20210406,01,1,1,11,0,73,2,3,7,3,4,92,
20210406,01,1,1,18,0,37,3,5,16,14,2,77,
20210406,01,1,1,28,0,58,1,1,3,3,3,69,
20210406,01,1,1,37,0,9,1,0,7,2,1,20,
20210406,01,1,1,46,0,2,0,0,0,1,0,3,
20210406,01,1,2,00,0,7614,1340,731,1542,1552,334,13113,
20210406,01,1,2,00,1,2497,278,90,252,333,114,3564,
20210406,01,1,2,10,0,349,25,20,21,32,21,468,
20210406,01,1,2,10,1,26,1,0,0,2,3,32,
20210406,01,1,2,44,0,199,26,7,27,47,14,320,
20210406,01,1,2,44,1,3,0,0,0,0,1,4,
20210406,01,1,2,27,1,111,1,2,0,1,9,124,
20210406,01,1,2,08,0,207,16,12,12,38,15,300,
20210406,01,1,2,08,1,3,0,0,0,0,0,3,
20210406,01,1,2,26,1,74,2,0,0,0,5,81,
20210406,01,1,2,43,1,201,28,6,13,25,13,286,
20210406,01,1,2,01,0,636,53,89,219,246,20,1263,
20210406,01,1,2,34,0,237,18,21,16,31,10,333,
20210406,01,1,2,11,0,308,60,46,26,31,25,496,
20210406,01,1,2,18,0,219,55,54,64,171,13,576,
20210406,01,1,2,28,0,219,28,8,8,7,18,288,
20210406,01,1,2,37,0,48,7,2,16,32,3,108,
20210406,01,1,2,46,0,19,4,6,5,6,1,41,
20210406,02,0,1,00,0,1202,79,111,552,145,11,2100,
20210406,02,0,1,00,1,369,23,20,50,23,30,515,
20210406,02,0,1,10,0,23,0,3,6,3,0,35,
20210406,02,0,1,10,1,1,1,0,0,0,0,2,
20210406,02,0,1,44,0,15,1,2,7,5,3,33,
20210406,02,0,1,44,1,1,0,0,0,0,0,1,
20210406,02,0,1,08,0,39,3,6,6,6,1,61,
20210406,02,0,1,08,1,3,1,0,0,0,0,4,
20210406,02,0,1,26,1,23,2,0,0,0,2,27,
20210406,02,0,1,43,1,2,0,0,1,0,0,3,
20210406,02,0,1,01,0,11,3,1,12,4,0,31,
20210406,02,0,1,34,0,10,2,1,4,0,0,17,
20210406,02,0,1,11,0,39,1,6,6,0,2,54,
20210406,02,0,1,18,0,18,6,6,20,3,0,53,
20210406,02,0,1,28,0,38,1,3,0,1,0,43,
20210406,02,0,1,37,0,8,0,0,10,2,0,20,
20210406,02,0,2,00,0,5281,1584,767,1588,1967,208,11395,
20210406,02,0,2,00,1,1680,273,109,197,351,82,2692,
20210406,02,0,2,24,1,8,0,0,0,0,1,9,
20210406,02,0,2,10,0,278,41,31,33,24,11,418,
20210406,02,0,2,10,1,10,2,2,0,2,1,17,
20210406,02,0,2,44,0,140,36,12,25,71,4,288,
20210406,02,0,2,44,1,15,0,0,0,0,1,16,
20210406,02,0,2,27,1,110,1,3,0,0,9,123,
20210406,02,0,2,08,0,115,11,15,15,52,7,215,
20210406,02,0,2,08,1,2,0,1,0,0,0,3,
20210406,02,0,2,26,1,31,1,0,0,0,3,35,
20210406,02,0,2,43,1,27,2,1,1,2,2,35,
20210406,02,0,2,01,0,562,75,72,198,240,6,1153,
20210406,02,0,2,34,0,126,18,24,18,36,4,226,
20210406,02,0,2,11,0,202,52,36,35,32,6,363,
20210406,02,0,2,18,0,190,45,57,57,124,10,483,
20210406,02,0,2,28,0,126,17,12,10,6,9,180,
20210406,02,0,2,37,0,29,10,2,16,82,0,139,
20210406,02,0,2,46,0,16,4,9,9,14,0,52,
20210406,02,1,1,00,0,1364,113,98,507,121,100,2303,
20210406,02,1,1,00,1,400,26,25,59,27,35,572,
20210406,02,1,1,24,1,3,0,0,0,0,0,3,
20210406,02,1,1,10,0,27,0,2,5,3,5,42,
20210406,02,1,1,10,1,4,1,0,0,0,1,6,
20210406,02,1,1,44,0,21,2,6,10,7,2,48,
20210406,02,1,1,44,1,2,0,0,0,0,1,3,
20210406,02,1,1,08,0,47,1,2,10,6,5,71,
20210406,02,1,1,08,1,3,1,0,0,0,0,4,
20210406,02,1,1,26,1,35,0,0,0,2,0,37,
20210406,02,1,1,43,1,34,2,1,5,1,0,43,
20210406,02,1,1,01,0,15,1,2,13,6,3,40,
20210406,02,1,1,34,0,13,0,0,5,0,0,18,
20210406,02,1,1,11,0,47,0,4,2,2,4,59,
20210406,02,1,1,18,0,18,4,3,22,8,2,57,
20210406,02,1,1,28,0,38,0,2,2,0,1,43,
20210406,02,1,1,37,0,8,0,0,8,5,1,22,
20210406,02,1,1,46,0,1,0,0,0,1,0,2,
20210406,02,1,2,00,0,5459,1387,709,1492,1515,217,10779,
20210406,02,1,2,00,1,1798,279,90,236,415,83,2901,
20210406,02,1,2,10,0,262,31,24,28,24,8,377,
20210406,02,1,2,10,1,35,6,2,2,0,0,45,
20210406,02,1,2,44,0,163,35,13,21,61,6,299,
20210406,02,1,2,44,1,8,0,0,0,0,0,8,
20210406,02,1,2,27,1,74,6,0,0,3,2,85,
20210406,02,1,2,08,0,149,22,6,15,35,8,235,
20210406,02,1,2,08,1,1,0,0,0,0,0,1,
20210406,02,1,2,26,1,47,3,0,0,0,4,54,
20210406,02,1,2,43,1,147,27,4,23,22,8,231,
20210406,02,1,2,01,0,571,68,70,202,233,8,1152,
20210406,02,1,2,34,0,134,14,20,19,40,7,234,
20210406,02,1,2,11,0,226,53,32,25,28,13,377,
20210406,02,1,2,18,0,185,38,52,60,121,9,465,
20210406,02,1,2,28,0,141,14,13,11,8,8,195,
20210406,02,1,2,37,0,22,10,3,21,32,0,88,
20210406,02,1,2,46,0,17,4,11,9,12,0,53,
20210406,03,0,1,00,0,1172,117,185,657,240,11,2382,
20210406,03,0,1,00,1,362,38,30,77,43,32,582,
20210406,03,0,1,10,0,35,3,4,8,0,2,52,
20210406,03,0,1,10,1,2,1,0,0,0,1,4,
20210406,03,0,1,44,0,23,5,3,5,7,4,47,
20210406,03,0,1,44,1,1,0,0,0,0,1,2,
20210406,03,0,1,08,0,36,1,5,11,11,2,66,
20210406,03,0,1,08,1,0,1,0,0,0,0,1,
20210406,03,0,1,26,1,27,0,1,0,0,2,30,
20210406,03,0,1,43,1,1,0,0,0,0,0,1,
20210406,03,0,1,01,0,17,1,1,19,3,0,41,
20210406,03,0,1,34,0,12,1,0,4,0,1,18,
20210406,03,0,1,11,0,54,1,6,12,3,0,76,
20210406,03,0,1,18,0,25,8,17,29,9,4,92,
20210406,03,0,1,28,0,35,3,2,9,0,2,51,
20210406,03,0,1,37,0,7,3,1,10,4,1,26,
20210406,03,0,1,46,0,2,0,0,0,0,0,2,
20210406,03,0,2,00,0,6102,1781,1084,1982,3121,216,14286,
20210406,03,0,2,00,1,1878,385,144,240,489,84,3220,
20210406,03,0,2,24,1,2,0,2,0,0,0,4,
20210406,03,0,2,10,0,255,52,25,52,29,18,431,
20210406,03,0,2,10,1,31,1,2,2,2,1,39,
20210406,03,0,2,44,0,165,38,18,30,95,19,365,
20210406,03,0,2,44,1,5,0,0,0,0,1,6,
20210406,03,0,2,27,1,74,3,4,0,2,7,90,
20210406,03,0,2,08,0,149,21,15,13,74,5,277,
20210406,03,0,2,08,1,2,0,0,0,0,0,2,
20210406,03,0,2,26,1,35,1,0,0,0,4,40,
20210406,03,0,2,43,1,18,0,0,0,4,0,22,
20210406,03,0,2,01,0,567,98,82,295,336,14,1392,
20210406,03,0,2,34,0,138,34,31,22,55,4,284,
20210406,03,0,2,11,0,247,61,44,48,54,5,459,
20210406,03,0,2,18,0,254,62,83,82,180,16,677,
20210406,03,0,2,28,0,143,33,13,15,16,5,225,
20210406,03,0,2,37,0,36,6,2,19,95,0,158,
20210406,03,0,2,46,0,9,6,7,8,9,1,40,
20210406,03,1,1,00,0,1112,102,101,599,106,80,2100,
20210406,03,1,1,00,1,337,31,36,80,24,27,535,
20210406,03,1,1,24,1,4,0,0,0,0,0,4,
20210406,03,1,1,10,0,28,2,2,2,0,2,36,
20210406,03,1,1,10,1,3,0,0,1,0,1,5,
20210406,03,1,1,44,0,21,6,2,5,1,6,41,
20210406,03,1,1,44,1,0,1,0,0,0,0,1,
20210406,03,1,1,08,0,24,1,6,13,4,6,54,
20210406,03,1,1,08,1,3,0,0,0,2,0,5,
20210406,03,1,1,26,1,20,3,1,0,1,3,28,
20210406,03,1,1,43,1,19,1,3,10,4,0,37,
20210406,03,1,1,01,0,17,0,3,12,3,5,40,
20210406,03,1,1,34,0,10,2,1,3,0,1,17,
20210406,03,1,1,11,0,53,1,5,9,1,2,71,
20210406,03,1,1,18,0,29,6,12,22,14,4,87,
20210406,03,1,1,28,0,31,4,2,5,2,4,48,
20210406,03,1,1,37,0,7,2,1,7,2,0,19,
20210406,03,1,1,46,0,0,1,0,0,0,0,1,
20210406,03,1,2,00,0,5244,1576,878,1580,1945,205,11428,
20210406,03,1,2,00,1,1784,300,123,308,551,95,3161,
20210406,03,1,2,10,0,222,46,22,39,20,15,364,
20210406,03,1,2,10,1,19,4,1,2,2,1,29,
20210406,03,1,2,44,0,156,38,14,35,84,9,336,
20210406,03,1,2,44,1,6,0,0,0,0,1,7,
20210406,03,1,2,27,1,56,3,5,1,3,2,70,
20210406,03,1,2,08,0,106,14,16,23,56,5,220,
20210406,03,1,2,08,1,1,1,0,0,0,0,2,
20210406,03,1,2,26,1,33,0,0,0,0,3,36,
20210406,03,1,2,43,1,142,33,6,20,49,4,254,
20210406,03,1,2,01,0,546,96,74,262,321,17,1316,
20210406,03,1,2,34,0,124,26,24,15,59,2,250,
20210406,03,1,2,11,0,214,46,41,32,36,9,378,
20210406,03,1,2,18,0,219,54,72,76,194,13,628,
20210406,03,1,2,28,0,136,32,15,20,15,5,223,
20210406,03,1,2,37,0,33,6,2,16,40,0,97,
20210406,03,1,2,46,0,8,6,7,7,10,0,38,
20210406,04,0,1,00,0,2049,181,352,995,306,30,3913,
20210406,04,0,1,00,1,598,48,70,127,85,58,986,
20210406,04,0,1,10,0,63,3,8,13,6,2,95,
20210406,04,0,1,10,1,12,0,0,2,0,2,16,
20210406,04,0,1,44,0,36,6,9,17,12,4,84,
20210406,04,0,1,44,1,3,0,0,0,0,1,4,
20210406,04,0,1,08,0,58,3,7,15,14,0,97,
20210406,04,0,1,08,1,5,2,0,0,0,0,7,
20210406,04,0,1,26,1,37,0,2,0,1,5,45,
20210406,04,0,1,43,1,7,0,0,1,1,0,9,
20210406,04,0,1,01,0,18,3,7,26,5,0,59,
20210406,04,0,1,34,0,23,3,0,12,3,0,41,
20210406,04,0,1,11,0,71,6,8,16,6,4,111,
20210406,04,0,1,18,0,40,6,19,44,18,2,129,
20210406,04,0,1,28,0,63,5,4,7,3,2,84,
20210406,04,0,1,37,0,17,1,2,16,4,1,41,
20210406,04,0,1,46,0,0,1,0,1,1,1,4,
20210406,04,0,2,00,0,12211,2325,1774,2629,4965,527,24431,
20210406,04,0,2,00,1,4565,532,254,366,788,245,6750,
20210406,04,0,2,24,1,7,0,0,0,0,0,7,
20210406,04,0,2,10,0,541,51,38,72,89,37,828,
20210406,04,0,2,10,1,33,3,0,1,15,4,56,
20210406,04,0,2,44,0,357,58,29,55,165,24,688,
20210406,04,0,2,44,1,9,0,0,0,0,0,9,
20210406,04,0,2,27,1,131,2,2,0,3,10,148,
20210406,04,0,2,08,0,286,25,17,22,134,16,500,
20210406,04,0,2,08,1,2,0,0,0,0,0,2,
20210406,04,0,2,26,1,72,3,1,0,0,9,85,
20210406,04,0,2,43,1,34,1,1,1,4,1,42,
20210406,04,0,2,01,0,787,144,144,319,434,12,1840,
20210406,04,0,2,34,0,288,33,32,43,93,11,500,
20210406,04,0,2,11,0,583,97,70,50,82,29,911,
20210406,04,0,2,18,0,546,101,114,134,412,32,1339,
20210406,04,0,2,28,0,392,46,24,22,31,27,542,
20210406,04,0,2,37,0,60,11,2,26,135,6,240,
20210406,04,0,2,46,0,10,4,1,7,19,0,41,
20210406,04,1,1,00,0,1359,145,146,698,239,123,2710,
20210406,04,1,1,00,1,450,32,51,120,52,54,759,
20210406,04,1,1,24,1,3,0,2,0,0,0,5,
20210406,04,1,1,10,0,32,3,2,6,1,9,53,
20210406,04,1,1,10,1,1,0,1,1,0,0,3,
20210406,04,1,1,44,0,38,4,7,9,7,3,68,
20210406,04,1,1,44,1,1,0,0,0,0,0,1,
20210406,04,1,1,08,0,30,1,6,12,7,5,61,
20210406,04,1,1,08,1,1,0,0,0,0,0,1,
20210406,04,1,1,26,1,20,1,0,0,0,1,22,
20210406,04,1,1,43,1,40,6,2,5,3,6,62,
20210406,04,1,1,01,0,10,1,2,12,7,1,33,
20210406,04,1,1,34,0,12,2,0,5,3,2,24,
20210406,04,1,1,11,0,51,4,6,7,9,4,81,
20210406,04,1,1,18,0,18,8,18,33,18,6,101,
20210406,04,1,1,28,0,51,3,5,8,4,1,72,
20210406,04,1,1,37,0,11,1,2,6,3,5,28,
20210406,04,1,1,46,0,3,0,0,1,1,0,5,
20210406,04,1,2,00,0,7630,1936,1220,1933,3118,353,16190,
20210406,04,1,2,00,1,2882,403,155,393,711,149,4693,
20210406,04,1,2,10,0,370,49,30,43,58,31,581,
20210406,04,1,2,10,1,26,4,2,2,3,2,39,
20210406,04,1,2,44,0,257,55,26,42,128,20,528,
20210406,04,1,2,44,1,18,0,1,0,2,1,22,
20210406,04,1,2,27,1,101,1,2,0,9,9,122,
20210406,04,1,2,08,0,182,23,25,24,121,7,382,
20210406,04,1,2,08,1,10,1,0,0,0,0,11,
20210406,04,1,2,26,1,38,2,0,0,1,8,49,
20210406,04,1,2,43,1,294,43,15,28,52,16,448,
20210406,04,1,2,01,0,740,114,140,307,447,10,1758,
20210406,04,1,2,34,0,204,27,32,29,88,6,386,
20210406,04,1,2,11,0,406,55,52,45,61,26,645,
20210406,04,1,2,18,0,387,83,97,134,378,24,1103,
20210406,04,1,2,28,0,271,38,20,31,22,18,400,
20210406,04,1,2,37,0,55,10,2,19,43,3,132,
20210406,04,1,2,46,0,13,7,0,8,21,0,49,
20210406,05,0,1,00,0,5792,424,1060,1304,518,93,9191,
20210406,05,0,1,00,1,1840,104,242,228,170,229,2813,
20210406,05,0,1,10,0,183,8,22,20,6,2,241,
20210406,05,0,1,10,1,12,4,9,5,0,4,34,
20210406,05,0,1,44,0,161,15,18,32,9,21,256,
20210406,05,0,1,44,1,5,0,0,0,0,0,5,
20210406,05,0,1,08,0,181,7,19,25,17,4,253,
20210406,05,0,1,08,1,8,0,1,0,4,1,14,
20210406,05,0,1,26,1,101,0,1,1,0,17,120,
20210406,05,0,1,43,1,16,0,0,0,2,0,18,
20210406,05,0,1,01,0,64,2,17,34,5,0,122,
20210406,05,0,1,34,0,56,1,7,15,4,0,83,
20210406,05,0,1,11,0,295,13,34,32,16,13,403,
20210406,05,0,1,18,0,248,24,66,87,39,2,466,
20210406,05,0,1,28,0,203,6,6,17,6,18,256,
20210406,05,0,1,37,0,28,0,3,34,8,2,75,
20210406,05,0,1,46,0,5,0,3,1,0,0,9,
20210406,05,0,2,00,0,43133,3675,2820,3296,6932,1730,61586,
20210406,05,0,2,00,1,20799,960,590,498,1073,813,24733,
20210406,05,0,2,24,1,6,2,1,0,0,0,9,
20210406,05,0,2,10,0,2065,97,55,67,104,88,2476,
20210406,05,0,2,10,1,148,4,9,2,24,10,197,
20210406,05,0,2,44,0,1548,91,44,103,251,89,2126,
20210406,05,0,2,44,1,25,1,1,0,0,4,31,
20210406,05,0,2,27,1,348,8,5,3,6,19,389,
20210406,05,0,2,08,0,987,32,39,22,254,58,1392,
20210406,05,0,2,08,1,8,0,0,0,1,0,9,
20210406,05,0,2,26,1,324,5,0,0,0,34,363,
20210406,05,0,2,43,1,151,4,0,1,2,10,168,
20210406,05,0,2,01,0,1587,152,172,325,495,36,2767,
20210406,05,0,2,34,0,943,54,96,60,112,32,1297,
20210406,05,0,2,11,0,2621,126,155,97,168,141,3308,
20210406,05,0,2,18,0,2316,186,247,233,705,94,3781,
20210406,05,0,2,28,0,1894,86,72,57,45,77,2231,
20210406,05,0,2,37,0,150,18,7,30,172,15,392,
20210406,05,0,2,46,0,47,4,12,21,34,3,121,
20210406,05,1,1,00,0,3469,273,399,1309,456,318,6224,
20210406,05,1,1,00,1,1334,73,206,280,176,121,2190,
20210406,05,1,1,24,1,32,14,5,0,0,0,51,
20210406,05,1,1,10,0,106,2,10,7,2,12,139,
20210406,05,1,1,10,1,8,0,0,0,0,0,8,
20210406,05,1,1,44,0,131,8,9,20,13,12,193,
20210406,05,1,1,44,1,9,0,0,0,0,1,10,
20210406,05,1,1,08,0,122,7,10,62,27,12,240,
20210406,05,1,1,08,1,26,1,0,0,0,2,29,
20210406,05,1,1,26,1,42,2,1,2,5,10,62,
20210406,05,1,1,43,1,180,6,10,25,12,13,246,
20210406,05,1,1,01,0,47,9,4,26,12,1,99,
20210406,05,1,1,34,0,49,1,2,4,1,4,61,
20210406,05,1,1,11,0,211,7,18,33,10,26,305,
20210406,05,1,1,18,0,121,9,44,82,40,12,308,
20210406,05,1,1,28,0,127,8,1,16,7,14,173,
20210406,05,1,1,37,0,22,0,3,13,10,5,53,
20210406,05,1,1,46,0,9,0,0,1,2,1,13,
20210406,05,1,2,00,0,27592,2811,2338,3239,6007,1268,43255,
20210406,05,1,2,00,1,13174,716,392,526,1010,496,16314,
20210406,05,1,2,10,0,1393,66,39,60,89,71,1718,
20210406,05,1,2,10,1,62,2,1,5,10,4,84,
20210406,05,1,2,44,0,1011,62,29,93,216,46,1457,
20210406,05,1,2,44,1,90,2,10,0,3,5,110,
20210406,05,1,2,27,1,310,5,6,6,14,27,368,
20210406,05,1,2,08,0,667,40,29,56,320,38,1150,
20210406,05,1,2,08,1,48,1,0,0,0,4,53,
20210406,05,1,2,26,1,150,4,0,0,0,21,175,
20210406,05,1,2,43,1,1626,62,30,27,82,58,1885,
20210406,05,1,2,01,0,1475,143,160,346,548,29,2701,
20210406,05,1,2,34,0,819,49,76,49,107,26,1126,
20210406,05,1,2,11,0,1847,117,136,88,129,87,2404,
20210406,05,1,2,18,0,1463,125,195,263,759,64,2869,
20210406,05,1,2,28,0,1138,60,36,43,34,57,1368,
20210406,05,1,2,37,0,140,15,7,49,97,16,324,
20210406,05,1,2,46,0,45,5,9,16,39,3,117,
20210406,06,0,1,00,0,12181,902,2072,1572,589,212,17528,
20210406,06,0,1,00,1,3133,200,352,251,135,410,4481,
20210406,06,0,1,10,0,396,24,32,30,2,2,486,
20210406,06,0,1,10,1,50,3,6,7,1,6,73,
20210406,06,0,1,44,0,362,29,67,41,19,68,586,
20210406,06,0,1,44,1,15,2,0,0,0,2,19,
20210406,06,0,1,08,0,457,21,31,40,46,4,599,
20210406,06,0,1,08,1,35,2,2,2,3,0,44,
20210406,06,0,1,26,1,180,5,7,0,0,31,223,
20210406,06,0,1,43,1,33,0,3,0,1,0,37,
20210406,06,0,1,01,0,147,14,35,31,14,0,241,
20210406,06,0,1,34,0,132,11,18,25,4,2,192,
20210406,06,0,1,11,0,625,40,131,47,23,31,897,
20210406,06,0,1,18,0,356,33,103,97,44,4,637,
20210406,06,0,1,28,0,416,26,27,18,4,32,523,
20210406,06,0,1,37,0,72,5,10,42,17,3,149,
20210406,06,0,1,46,0,17,1,8,3,1,2,32,
20210406,06,0,2,00,0,99890,5206,5297,3418,8209,4218,126238,
20210406,06,0,2,00,1,34959,1264,938,456,969,1691,40277,
20210406,06,0,2,24,1,37,1,3,0,0,0,41,
20210406,06,0,2,10,0,4175,199,144,73,108,208,4907,
20210406,06,0,2,10,1,624,13,7,2,35,42,723,
20210406,06,0,2,44,0,3715,187,87,99,404,273,4765,
20210406,06,0,2,44,1,77,3,4,0,2,4,90,
20210406,06,0,2,27,1,1099,38,14,11,14,58,1234,
20210406,06,0,2,08,0,2676,68,72,42,421,168,3447,
20210406,06,0,2,08,1,6,0,0,0,1,0,7,
20210406,06,0,2,26,1,760,4,8,0,1,69,842,
20210406,06,0,2,43,1,533,7,4,2,11,20,577,
20210406,06,0,2,01,0,3205,186,238,318,621,75,4643,
20210406,06,0,2,34,0,2074,97,149,62,104,76,2562,
20210406,06,0,2,11,0,6540,234,279,138,238,361,7790,
20210406,06,0,2,18,0,3858,284,369,210,641,201,5563,
20210406,06,0,2,28,0,4307,153,89,44,62,225,4880,
20210406,06,0,2,37,0,473,20,11,24,218,50,796,
20210406,06,0,2,46,0,134,5,14,25,58,6,242,
20210406,06,1,1,00,0,9172,623,1460,2228,810,792,15085,
20210406,06,1,1,00,1,2778,160,438,392,347,310,4425,
20210406,06,1,1,24,1,75,4,9,0,0,1,89,
20210406,06,1,1,10,0,317,17,26,25,4,34,423,
20210406,06,1,1,10,1,17,1,2,2,2,5,29,
20210406,06,1,1,44,0,241,31,53,44,14,30,413,
20210406,06,1,1,44,1,57,0,0,0,1,5,63,
20210406,06,1,1,08,0,299,16,32,94,52,48,541,
20210406,06,1,1,08,1,129,4,7,12,6,4,162,
20210406,06,1,1,26,1,156,3,4,3,7,28,201,
20210406,06,1,1,43,1,356,17,36,33,14,27,483,
20210406,06,1,1,01,0,116,16,24,57,21,14,248,
20210406,06,1,1,34,0,120,6,10,18,3,9,166,
20210406,06,1,1,11,0,518,38,94,47,45,93,835,
20210406,06,1,1,18,0,298,23,74,114,48,35,592,
20210406,06,1,1,28,0,312,17,24,10,5,39,407,
20210406,06,1,1,37,0,63,7,12,35,20,11,148,
20210406,06,1,1,46,0,9,1,3,2,1,0,16,
20210406,06,1,2,00,0,76593,4748,4292,4699,9528,3138,102998,
20210406,06,1,2,00,1,28131,1218,835,641,1341,1152,33318,
20210406,06,1,2,10,0,3575,150,119,73,96,174,4187,
20210406,06,1,2,10,1,142,8,6,7,24,3,190,
20210406,06,1,2,44,0,2340,131,71,101,332,109,3084,
20210406,06,1,2,44,1,640,11,20,3,4,34,712,
20210406,06,1,2,27,1,890,32,10,6,25,83,1046,
20210406,06,1,2,08,0,2103,75,79,125,528,151,3061,
20210406,06,1,2,08,1,141,3,1,1,1,2,149,
20210406,06,1,2,26,1,696,8,6,0,0,122,832,
20210406,06,1,2,43,1,3629,105,42,51,113,163,4103,
20210406,06,1,2,01,0,3142,185,225,350,676,61,4639,
20210406,06,1,2,34,0,2057,83,120,52,124,71,2507,
20210406,06,1,2,11,0,5501,234,260,124,239,296,6654,
20210406,06,1,2,18,0,3038,230,336,293,751,158,4806,
20210406,06,1,2,28,0,3035,132,83,66,51,163,3530,
20210406,06,1,2,37,0,448,27,11,52,151,49,738,
20210406,06,1,2,46,0,135,7,11,37,52,4,246,
20210406,07,0,1,00,0,17352,1097,2416,1652,576,275,23368,
20210406,07,0,1,00,1,3769,163,294,159,102,566,5053,
20210406,07,0,1,10,0,443,17,34,31,6,10,541,
20210406,07,0,1,10,1,82,3,8,2,2,18,115,
20210406,07,0,1,44,0,488,32,73,33,11,103,740,
20210406,07,0,1,44,1,14,2,2,0,0,3,21,
20210406,07,0,1,08,0,645,28,62,57,73,5,870,
20210406,07,0,1,08,1,53,2,9,4,4,0,72,
20210406,07,0,1,26,1,184,1,9,3,3,27,227,
20210406,07,0,1,43,1,63,2,3,1,2,3,74,
20210406,07,0,1,01,0,187,11,41,42,9,1,291,
20210406,07,0,1,34,0,167,12,13,14,4,3,213,
20210406,07,0,1,11,0,846,37,90,35,8,42,1058,
20210406,07,0,1,18,0,395,36,111,80,39,4,665,
20210406,07,0,1,28,0,432,18,23,9,3,42,527,
20210406,07,0,1,37,0,98,4,13,27,12,7,161,
20210406,07,0,1,46,0,20,0,3,8,2,2,35,
20210406,07,0,2,00,0,154315,5278,6522,3524,8508,8666,186813,
20210406,07,0,2,00,1,37862,928,926,350,744,2387,43197,
20210406,07,0,2,24,1,85,6,4,0,0,1,96,
20210406,07,0,2,10,0,4671,165,158,70,91,315,5470,
20210406,07,0,2,10,1,1211,17,11,8,21,89,1357,
20210406,07,0,2,44,0,5173,167,115,102,372,489,6418,
20210406,07,0,2,44,1,142,2,5,2,2,18,171,
20210406,07,0,2,27,1,2515,28,29,6,43,184,2805,
20210406,07,0,2,08,0,5159,72,133,82,552,302,6300,
20210406,07,0,2,08,1,9,0,1,0,0,2,12,
20210406,07,0,2,26,1,1045,9,3,0,1,138,1196,
20210406,07,0,2,43,1,1110,5,8,3,6,60,1192,
20210406,07,0,2,01,0,5027,178,343,251,529,161,6489,
20210406,07,0,2,34,0,2677,78,124,31,102,151,3163,
20210406,07,0,2,11,0,8211,218,219,139,224,539,9550,
20210406,07,0,2,18,0,3798,285,269,172,673,195,5392,
20210406,07,0,2,28,0,5845,99,71,52,55,468,6590,
20210406,07,0,2,37,0,883,32,20,34,195,109,1273,
20210406,07,0,2,46,0,322,18,28,17,52,6,443,
20210406,07,1,1,00,0,15008,1047,2407,2136,861,1696,23155,
20210406,07,1,1,00,1,3349,147,380,254,169,437,4736,
20210406,07,1,1,24,1,193,5,11,0,0,5,214,
20210406,07,1,1,10,0,384,13,30,34,5,42,508,
20210406,07,1,1,10,1,32,4,3,0,0,1,40,
20210406,07,1,1,44,0,443,31,80,44,19,59,676,
20210406,07,1,1,44,1,49,2,6,1,0,10,68,
20210406,07,1,1,08,0,489,27,81,107,58,67,829,
20210406,07,1,1,08,1,96,7,8,10,9,0,130,
20210406,07,1,1,26,1,225,11,8,27,17,47,335,
20210406,07,1,1,43,1,427,11,30,16,8,64,556,
20210406,07,1,1,01,0,187,11,55,57,17,15,342,
20210406,07,1,1,34,0,164,7,19,15,3,11,219,
20210406,07,1,1,11,0,1017,40,80,46,19,123,1325,
20210406,07,1,1,18,0,358,31,120,117,46,59,731,
20210406,07,1,1,28,0,343,15,29,14,5,55,461,
20210406,07,1,1,37,0,106,3,19,40,34,17,219,
20210406,07,1,1,46,0,30,0,6,7,2,2,47,
20210406,07,1,2,00,0,134631,5650,6825,4453,10200,7472,169231,
20210406,07,1,2,00,1,35741,1044,934,571,1079,1992,41361,
20210406,07,1,2,10,0,4269,154,131,61,96,283,4994,
20210406,07,1,2,10,1,280,6,5,3,27,37,358,
20210406,07,1,2,44,0,4226,170,95,103,413,320,5327,
20210406,07,1,2,44,1,625,7,14,1,4,48,699,
20210406,07,1,2,27,1,1818,18,17,8,12,162,2035,
20210406,07,1,2,08,0,4270,104,106,119,583,274,5456,
20210406,07,1,2,08,1,98,1,2,0,1,6,108,
20210406,07,1,2,26,1,1064,11,3,1,1,140,1220,
20210406,07,1,2,43,1,5499,97,43,40,71,319,6069,
20210406,07,1,2,01,0,5015,194,363,251,628,153,6604,
20210406,07,1,2,34,0,2794,79,115,45,101,128,3262,
20210406,07,1,2,11,0,8005,219,199,119,246,504,9292,
20210406,07,1,2,18,0,3883,265,333,249,720,200,5650,
20210406,07,1,2,28,0,4890,100,77,50,41,415,5573,
20210406,07,1,2,37,0,920,37,28,74,212,103,1374,
20210406,07,1,2,46,0,345,23,31,16,56,13,484,
20210406,08,0,1,00,0,18105,1167,3228,2231,775,286,25792,
20210406,08,0,1,00,1,3667,180,373,181,107,557,5065,
20210406,08,0,1,10,0,438,14,42,25,2,10,531,
20210406,08,0,1,10,1,80,4,2,12,2,12,112,
20210406,08,0,1,44,0,478,44,85,36,19,101,763,
20210406,08,0,1,44,1,21,2,1,0,0,2,26,
20210406,08,0,1,08,0,707,32,81,111,68,8,1007,
20210406,08,0,1,08,1,47,7,5,12,6,0,77,
20210406,08,0,1,26,1,207,2,11,34,17,53,324,
20210406,08,0,1,43,1,72,1,3,3,1,1,81,
20210406,08,0,1,01,0,261,15,50,62,17,4,409,
20210406,08,0,1,34,0,155,5,23,17,2,1,203,
20210406,08,0,1,11,0,784,49,112,70,22,43,1080,
20210406,08,0,1,18,0,312,53,157,145,50,6,723,
20210406,08,0,1,28,0,460,17,37,20,5,56,595,
20210406,08,0,1,37,0,126,11,44,35,27,5,248,
20210406,08,0,1,46,0,30,0,10,4,1,2,47,
20210406,08,0,2,00,0,143784,6195,5881,4535,10954,8066,179415,
20210406,08,0,2,00,1,35627,1064,800,483,993,2276,41243,
20210406,08,0,2,24,1,98,5,15,0,0,6,124,
20210406,08,0,2,10,0,4796,130,123,65,91,331,5536,
20210406,08,0,2,10,1,931,33,8,30,38,90,1130,
20210406,08,0,2,44,0,5581,227,116,122,493,581,7120,
20210406,08,0,2,44,1,249,6,7,0,2,13,277,
20210406,08,0,2,27,1,3056,20,17,11,29,257,3390,
20210406,08,0,2,08,0,4873,104,134,101,626,295,6133,
20210406,08,0,2,08,1,18,0,1,1,1,0,21,
20210406,08,0,2,26,1,1116,5,3,1,3,143,1271,
20210406,08,0,2,43,1,1024,9,6,3,8,57,1107,
20210406,08,0,2,01,0,6028,195,410,247,566,155,7601,
20210406,08,0,2,34,0,2646,86,109,34,115,160,3150,
20210406,08,0,2,11,0,7747,276,186,165,297,517,9188,
20210406,08,0,2,18,0,3944,414,380,304,910,189,6141,
20210406,08,0,2,28,0,5324,134,81,52,54,399,6044,
20210406,08,0,2,37,0,833,43,30,82,243,113,1344,
20210406,08,0,2,46,0,378,28,30,31,96,10,573,
20210406,08,1,1,00,0,17124,1035,2786,2073,779,2262,26059,
20210406,08,1,1,00,1,3308,190,314,246,132,473,4663,
20210406,08,1,1,24,1,176,12,28,0,0,7,223,
20210406,08,1,1,10,0,335,13,31,29,6,57,471,
20210406,08,1,1,10,1,44,4,3,1,0,6,58,
20210406,08,1,1,44,0,517,34,56,36,15,104,762,
20210406,08,1,1,44,1,84,4,3,0,0,12,103,
20210406,08,1,1,08,0,525,30,61,105,56,90,867,
20210406,08,1,1,08,1,142,4,2,27,5,0,180,
20210406,08,1,1,26,1,269,11,10,30,18,40,378,
20210406,08,1,1,43,1,467,14,34,21,12,82,630,
20210406,08,1,1,01,0,246,13,61,45,12,15,392,
20210406,08,1,1,34,0,121,8,22,9,6,19,185,
20210406,08,1,1,11,0,1037,44,109,62,38,129,1419,
20210406,08,1,1,18,0,309,50,170,122,58,50,759,
20210406,08,1,1,28,0,378,15,33,19,5,58,508,
20210406,08,1,1,37,0,104,13,42,37,29,26,251,
20210406,08,1,1,46,0,26,0,4,2,1,6,39,
20210406,08,1,2,00,0,149313,5624,6061,4142,10343,9005,184488,
20210406,08,1,2,00,1,34884,995,744,560,1062,2076,40321,
20210406,08,1,2,10,0,4340,125,129,57,87,324,5062,
20210406,08,1,2,10,1,499,8,6,1,21,44,579,
20210406,08,1,2,44,0,5441,174,117,93,468,528,6821,
20210406,08,1,2,44,1,649,7,15,4,5,46,726,
20210406,08,1,2,27,1,2427,34,13,17,47,272,2810,
20210406,08,1,2,08,0,4616,106,102,121,466,338,5749,
20210406,08,1,2,08,1,138,1,0,0,0,14,153,
20210406,08,1,2,26,1,1107,6,4,0,1,147,1265,
20210406,08,1,2,43,1,5670,108,39,34,76,368,6295,
20210406,08,1,2,01,0,6024,183,429,238,587,151,7612,
20210406,08,1,2,34,0,2603,83,118,37,114,146,3101,
20210406,08,1,2,11,0,8096,251,195,169,277,563,9551,
20210406,08,1,2,18,0,4045,369,372,293,850,220,6149,
20210406,08,1,2,28,0,4578,121,46,37,44,367,5193,
20210406,08,1,2,37,0,855,43,29,122,293,111,1453,
20210406,08,1,2,46,0,480,27,33,28,79,19,666,
20210406,09,0,1,00,0,18825,1234,3875,2881,982,331,28128,
20210406,09,0,1,00,1,3864,213,404,260,170,580,5491,
20210406,09,0,1,10,0,516,21,42,32,7,15,633,
20210406,09,0,1,10,1,65,1,8,10,0,11,95,
20210406,09,0,1,44,0,541,39,93,40,22,80,815,
20210406,09,0,1,44,1,26,0,1,0,0,7,34,
20210406,09,0,1,08,0,728,44,112,178,88,7,1157,
20210406,09,0,1,08,1,65,7,6,30,4,1,113,
20210406,09,0,1,26,1,202,10,18,37,23,44,334,
20210406,09,0,1,43,1,71,0,4,1,0,3,79,
20210406,09,0,1,01,0,248,19,71,87,20,3,448,
20210406,09,0,1,34,0,139,3,25,23,3,3,196,
20210406,09,0,1,11,0,835,53,147,63,29,39,1166,
20210406,09,0,1,18,0,432,95,234,229,102,12,1104,
20210406,09,0,1,28,0,373,25,26,14,2,50,490,
20210406,09,0,1,37,0,127,16,64,76,37,3,323,
20210406,09,0,1,46,0,26,2,10,7,3,2,50,
20210406,09,0,2,00,0,123110,6809,5827,5308,12839,5665,159558,
20210406,09,0,2,00,1,31786,1193,702,598,1336,1958,37573,
20210406,09,0,2,24,1,108,6,21,0,0,4,139,
20210406,09,0,2,10,0,5240,157,117,69,116,298,5997,
20210406,09,0,2,10,1,674,18,6,41,41,46,826,
20210406,09,0,2,44,0,4604,272,119,135,466,365,5961,
20210406,09,0,2,44,1,146,1,5,2,0,10,164,
20210406,09,0,2,27,1,2093,41,10,25,47,156,2372,
20210406,09,0,2,08,0,3877,118,138,160,742,204,5239,
20210406,09,0,2,08,1,36,2,0,0,0,1,39,
20210406,09,0,2,26,1,787,7,3,0,1,89,887,
20210406,09,0,2,43,1,790,9,2,3,5,41,850,
20210406,09,0,2,01,0,6342,259,425,374,673,150,8223,
20210406,09,0,2,34,0,2563,116,132,40,112,116,3079,
20210406,09,0,2,11,0,7109,334,210,225,410,400,8688,
20210406,09,0,2,18,0,4377,500,502,370,1083,174,7006,
20210406,09,0,2,28,0,4271,136,55,41,92,302,4897,
20210406,09,0,2,37,0,689,64,39,131,339,41,1303,
20210406,09,0,2,46,0,411,34,30,35,98,11,619,
20210406,09,1,1,00,0,16985,1132,3123,2193,788,1887,26108,
20210406,09,1,1,00,1,3810,172,344,292,142,532,5292,
20210406,09,1,1,24,1,187,9,9,0,0,4,209,
20210406,09,1,1,10,0,372,22,47,31,3,52,527,
20210406,09,1,1,10,1,40,2,4,7,2,4,59,
20210406,09,1,1,44,0,473,29,79,40,14,75,710,
20210406,09,1,1,44,1,57,1,0,0,0,7,65,
20210406,09,1,1,08,0,548,46,73,150,64,65,946,
20210406,09,1,1,08,1,151,5,1,24,10,2,193,
20210406,09,1,1,26,1,232,12,12,27,18,53,354,
20210406,09,1,1,43,1,470,15,37,21,9,86,638,
20210406,09,1,1,01,0,205,7,53,49,19,12,345,
20210406,09,1,1,34,0,138,7,21,19,2,12,199,
20210406,09,1,1,11,0,830,58,145,82,32,100,1247,
20210406,09,1,1,18,0,348,66,186,185,78,39,902,
20210406,09,1,1,28,0,383,23,24,20,4,74,528,
20210406,09,1,1,37,0,123,18,54,52,30,22,299,
20210406,09,1,1,46,0,33,0,4,4,0,5,46,
20210406,09,1,2,00,0,113163,6403,5629,4346,11219,5507,146267,
20210406,09,1,2,00,1,30988,1195,749,621,1172,1978,36703,
20210406,09,1,2,10,0,4227,165,119,77,127,270,4985,
20210406,09,1,2,10,1,334,11,3,27,30,26,431,
20210406,09,1,2,44,0,3748,181,106,112,402,273,4822,
20210406,09,1,2,44,1,470,6,7,3,3,31,520,
20210406,09,1,2,27,1,1797,22,11,28,55,151,2064,
20210406,09,1,2,08,0,3406,169,120,133,479,192,4499,
20210406,09,1,2,08,1,117,3,0,0,0,13,133,
20210406,09,1,2,26,1,798,8,4,1,2,89,902,
20210406,09,1,2,43,1,4709,131,55,53,92,323,5363,
20210406,09,1,2,01,0,6234,216,412,344,583,151,7940,
20210406,09,1,2,34,0,2513,112,138,40,126,114,3043,
20210406,09,1,2,11,0,7060,323,216,227,404,400,8630,
20210406,09,1,2,18,0,3851,497,502,360,1049,166,6425,
20210406,09,1,2,28,0,4139,145,59,38,79,303,4763,
20210406,09,1,2,37,0,619,55,30,96,282,37,1119,
20210406,09,1,2,46,0,439,32,26,39,96,6,638,
20210406,10,0,1,00,0,19004,1092,3532,3006,1076,326,28036,
20210406,10,0,1,00,1,3890,215,412,363,218,475,5573,
20210406,10,0,1,10,0,665,16,37,28,9,17,772,
20210406,10,0,1,10,1,47,5,3,10,0,9,74,
20210406,10,0,1,44,0,477,35,102,66,20,83,783,
20210406,10,0,1,44,1,15,1,0,0,0,4,20,
20210406,10,0,1,08,0,729,40,104,166,87,17,1143,
20210406,10,0,1,08,1,92,5,3,24,5,0,129,
20210406,10,0,1,26,1,210,4,19,29,26,33,321,
20210406,10,0,1,43,1,77,4,1,6,5,2,95,
20210406,10,0,1,01,0,186,10,79,75,27,4,381,
20210406,10,0,1,34,0,169,7,29,16,4,3,228,
20210406,10,0,1,11,0,693,42,163,82,27,32,1039,
20210406,10,0,1,18,0,458,103,227,234,89,21,1132,
20210406,10,0,1,28,0,410,21,30,18,5,44,528,
20210406,10,0,1,37,0,114,21,68,72,33,7,315,
20210406,10,0,1,46,0,13,2,10,8,1,1,35,
20210406,10,0,2,00,0,120740,6364,5268,5145,12716,4819,155052,
20210406,10,0,2,00,1,28809,1238,667,679,1357,1764,34514,
20210406,10,0,2,24,1,178,4,15,0,0,3,200,
20210406,10,0,2,10,0,6207,140,109,79,133,272,6940,
20210406,10,0,2,10,1,570,18,6,38,39,33,704,
20210406,10,0,2,44,0,4239,236,119,138,453,276,5461,
20210406,10,0,2,44,1,127,2,7,1,1,4,142,
20210406,10,0,2,27,1,1748,26,13,22,45,102,1956,
20210406,10,0,2,08,0,3931,139,117,181,689,163,5220,
20210406,10,0,2,08,1,62,3,0,0,0,1,66,
20210406,10,0,2,26,1,708,4,6,0,0,57,775,
20210406,10,0,2,43,1,816,9,3,2,3,37,870,
20210406,10,0,2,01,0,6040,230,411,399,788,115,7983,
20210406,10,0,2,34,0,3263,94,121,48,145,105,3776,
20210406,10,0,2,11,0,5845,296,169,182,389,344,7225,
20210406,10,0,2,18,0,4139,475,499,418,1049,164,6744,
20210406,10,0,2,28,0,3987,132,48,48,76,292,4583,
20210406,10,0,2,37,0,649,60,36,114,384,42,1285,
20210406,10,0,2,46,0,399,31,45,40,100,15,630,
20210406,10,1,1,00,0,18617,1116,3409,2658,932,1920,28652,
20210406,10,1,1,00,1,3808,180,410,367,138,530,5433,
20210406,10,1,1,24,1,206,11,11,0,0,2,230,
20210406,10,1,1,10,0,522,18,34,26,9,64,673,
20210406,10,1,1,10,1,50,3,1,10,0,5,69,
20210406,10,1,1,44,0,521,43,79,43,18,81,785,
20210406,10,1,1,44,1,55,0,0,1,0,6,62,
20210406,10,1,1,08,0,614,33,89,151,52,76,1015,
20210406,10,1,1,08,1,268,2,5,30,5,5,315,
20210406,10,1,1,26,1,230,9,7,28,17,49,340,
20210406,10,1,1,43,1,446,14,40,26,7,62,595,
20210406,10,1,1,01,0,204,13,65,63,14,24,383,
20210406,10,1,1,34,0,166,6,25,17,5,17,236,
20210406,10,1,1,11,0,775,46,170,96,36,105,1228,
20210406,10,1,1,18,0,424,77,232,227,72,46,1078,
20210406,10,1,1,28,0,383,21,41,26,5,54,530,
20210406,10,1,1,37,0,92,20,68,42,19,14,255,
20210406,10,1,1,46,0,30,2,4,7,2,1,46,
20210406,10,1,2,00,0,116066,6447,5446,4661,11511,4901,149032,
20210406,10,1,2,00,1,30272,1348,745,732,1292,1791,36180,
20210406,10,1,2,10,0,5174,144,107,79,128,244,5876,
20210406,10,1,2,10,1,299,10,2,31,21,17,380,
20210406,10,1,2,44,0,3950,207,110,123,416,259,5065,
20210406,10,1,2,44,1,430,5,8,1,6,19,469,
20210406,10,1,2,27,1,1472,44,7,21,39,80,1663,
20210406,10,1,2,08,0,3689,104,109,134,538,179,4753,
20210406,10,1,2,08,1,191,2,0,0,0,11,204,
20210406,10,1,2,26,1,665,8,3,0,1,44,721,
20210406,10,1,2,43,1,4344,114,49,52,99,279,4937,
20210406,10,1,2,01,0,6281,238,415,355,717,137,8143,
20210406,10,1,2,34,0,3202,100,120,43,141,96,3702,
20210406,10,1,2,11,0,6373,319,185,198,398,356,7829,
20210406,10,1,2,18,0,3857,472,512,418,1008,136,6403,
20210406,10,1,2,28,0,3710,151,68,54,83,291,4357,
20210406,10,1,2,37,0,632,52,36,88,368,41,1217,
20210406,10,1,2,46,0,420,32,38,35,99,13,637,
20210406,11,0,1,00,0,17506,939,3288,2471,989,302,25495,
20210406,11,0,1,00,1,3671,227,389,359,190,484,5320,
20210406,11,0,1,10,0,683,12,38,20,4,20,777,
20210406,11,0,1,10,1,45,2,0,8,0,9,64,
20210406,11,0,1,44,0,438,35,92,52,21,70,708,
20210406,11,0,1,44,1,12,2,0,0,0,2,16,
20210406,11,0,1,08,0,730,37,80,129,83,11,1070,
20210406,11,0,1,08,1,125,4,1,24,4,0,158,
20210406,11,0,1,26,1,247,1,15,21,15,42,341,
20210406,11,0,1,43,1,70,1,1,2,1,3,78,
20210406,11,0,1,01,0,229,10,74,45,20,3,381,
20210406,11,0,1,34,0,202,4,12,14,3,1,236,
20210406,11,0,1,11,0,758,56,131,90,16,48,1099,
20210406,11,0,1,18,0,422,85,236,207,75,11,1036,
20210406,11,0,1,28,0,409,21,29,33,5,39,536,
20210406,11,0,1,37,0,114,11,63,63,27,4,282,
20210406,11,0,1,46,0,21,2,7,10,0,1,41,
20210406,11,0,2,00,0,109935,5774,4701,4684,11525,4510,141129,
20210406,11,0,2,00,1,26349,1300,666,714,1189,1658,31876,
20210406,11,0,2,24,1,212,8,14,0,0,4,238,
20210406,11,0,2,10,0,6267,140,118,76,119,303,7023,
20210406,11,0,2,10,1,478,14,2,21,32,29,576,
20210406,11,0,2,44,0,3960,235,98,133,411,228,5065,
20210406,11,0,2,44,1,153,2,8,1,0,8,172,
20210406,11,0,2,27,1,1469,33,4,18,47,89,1660,
20210406,11,0,2,08,0,3818,122,105,136,727,152,5060,
20210406,11,0,2,08,1,89,0,0,0,1,6,96,
20210406,11,0,2,26,1,662,6,4,0,1,58,731,
20210406,11,0,2,43,1,613,10,2,3,7,30,665,
20210406,11,0,2,01,0,6422,232,431,412,848,124,8469,
20210406,11,0,2,34,0,3432,117,115,35,173,132,4004,
20210406,11,0,2,11,0,5117,287,184,192,341,291,6412,
20210406,11,0,2,18,0,4148,414,478,413,1013,178,6644,
20210406,11,0,2,28,0,3406,150,55,44,66,224,3945,
20210406,11,0,2,37,0,643,60,23,111,316,30,1183,
20210406,11,0,2,46,0,339,21,30,37,108,11,546,
20210406,11,1,1,00,0,18912,1067,3014,2359,864,1811,28027,
20210406,11,1,1,00,1,3742,195,428,397,214,494,5470,
20210406,11,1,1,24,1,207,9,21,0,0,5,242,
20210406,11,1,1,10,0,549,13,44,19,6,60,691,
20210406,11,1,1,10,1,38,1,2,12,0,5,58,
20210406,11,1,1,44,0,468,38,82,51,18,74,731,
20210406,11,1,1,44,1,49,0,3,0,0,11,63,
20210406,11,1,1,08,0,648,33,59,120,56,83,999,
20210406,11,1,1,08,1,321,6,0,11,7,5,350,
20210406,11,1,1,26,1,202,9,6,5,7,28,257,
20210406,11,1,1,43,1,400,24,26,29,6,58,543,
20210406,11,1,1,01,0,261,8,68,57,20,15,429,
20210406,11,1,1,34,0,208,4,20,14,4,17,267,
20210406,11,1,1,11,0,794,52,133,105,42,113,1239,
20210406,11,1,1,18,0,413,73,222,190,61,33,992,
20210406,11,1,1,28,0,416,15,36,21,2,60,550,
20210406,11,1,1,37,0,112,19,45,53,25,20,274,
20210406,11,1,1,46,0,28,0,3,5,1,2,39,
20210406,11,1,2,00,0,115942,6004,5110,4394,11030,4681,147161,
20210406,11,1,2,00,1,28091,1320,698,684,1320,1680,33793,
20210406,11,1,2,10,0,5700,155,118,80,123,264,6440,
20210406,11,1,2,10,1,304,6,1,26,22,18,377,
20210406,11,1,2,44,0,3830,196,90,111,387,193,4807,
20210406,11,1,2,44,1,414,7,5,3,3,25,457,
20210406,11,1,2,27,1,1487,27,4,18,48,86,1670,
20210406,11,1,2,08,0,3568,107,102,93,518,160,4548,
20210406,11,1,2,08,1,295,0,0,1,3,14,313,
20210406,11,1,2,26,1,718,11,5,0,1,49,784,
20210406,11,1,2,43,1,3640,122,31,52,127,199,4171,
20210406,11,1,2,01,0,6621,220,427,387,817,125,8597,
20210406,11,1,2,34,0,3576,107,122,42,164,125,4136,
20210406,11,1,2,11,0,5556,271,175,166,357,308,6833,
20210406,11,1,2,18,0,3771,424,492,396,987,167,6237,
20210406,11,1,2,28,0,3332,156,50,52,61,215,3866,
20210406,11,1,2,37,0,621,57,28,85,375,29,1195,
20210406,11,1,2,46,0,365,21,28,31,106,20,571,
20210406,12,0,1,00,0,16617,917,2645,2043,715,313,23250,
20210406,12,0,1,00,1,3423,186,349,266,167,479,4870,
20210406,12,0,1,10,0,713,8,32,29,3,21,806,
20210406,12,0,1,10,1,32,2,1,7,0,3,45,
20210406,12,0,1,44,0,396,26,81,41,14,63,621,
20210406,12,0,1,44,1,20,1,0,0,0,3,24,
20210406,12,0,1,08,0,633,32,66,92,49,13,885,
20210406,12,0,1,08,1,182,2,4,8,2,2,200,
20210406,12,0,1,26,1,207,5,3,9,4,37,265,
20210406,12,0,1,43,1,63,1,4,2,2,2,74,
20210406,12,0,1,01,0,208,9,67,38,14,2,338,
20210406,12,0,1,34,0,240,8,18,25,3,5,299,
20210406,12,0,1,11,0,802,38,114,63,27,39,1083,
20210406,12,0,1,18,0,339,54,199,198,71,18,879,
20210406,12,0,1,28,0,326,22,24,5,5,39,421,
20210406,12,0,1,37,0,96,10,24,54,24,5,213,
20210406,12,0,1,46,0,30,1,5,4,0,1,41,
20210406,12,0,2,00,0,103288,4874,4285,3853,8962,4438,129700,
20210406,12,0,2,00,1,25690,1179,633,631,1176,1647,30956,
20210406,12,0,2,24,1,237,4,10,0,0,2,253,
20210406,12,0,2,10,0,5820,114,125,58,92,279,6488,
20210406,12,0,2,10,1,310,6,3,24,20,24,387,
20210406,12,0,2,44,0,3658,187,101,106,355,235,4642,
20210406,12,0,2,44,1,126,1,6,0,4,5,142,
20210406,12,0,2,27,1,1300,17,4,23,19,80,1443,
20210406,12,0,2,08,0,3605,76,94,112,428,173,4488,
20210406,12,0,2,08,1,143,0,0,0,1,5,149,
20210406,12,0,2,26,1,664,8,7,0,0,62,741,
20210406,12,0,2,43,1,501,12,1,7,7,19,547,
20210406,12,0,2,01,0,6251,189,429,398,871,129,8267,
20210406,12,0,2,34,0,3519,109,110,55,131,139,4063,
20210406,12,0,2,11,0,4879,242,160,155,296,270,6002,
20210406,12,0,2,18,0,3651,465,513,388,1042,187,6246,
20210406,12,0,2,28,0,2748,98,32,52,65,208,3203,
20210406,12,0,2,37,0,507,34,21,59,216,39,876,
20210406,12,0,2,46,0,344,23,25,35,91,14,532,
20210406,12,1,1,00,0,17551,911,3163,2511,910,1932,26978,
20210406,12,1,1,00,1,3572,205,441,382,212,465,5277,
20210406,12,1,1,24,1,185,2,18,0,0,1,206,
20210406,12,1,1,10,0,574,8,39,24,6,78,729,
20210406,12,1,1,10,1,48,0,4,11,0,7,70,
20210406,12,1,1,44,0,463,31,74,42,21,59,690,
20210406,12,1,1,44,1,34,4,0,1,0,3,42,
20210406,12,1,1,08,0,579,30,75,125,50,75,934,
20210406,12,1,1,08,1,295,2,1,13,2,3,316,
20210406,12,1,1,26,1,188,8,2,21,17,29,265,
20210406,12,1,1,43,1,371,13,34,32,12,50,512,
20210406,12,1,1,01,0,235,12,63,53,23,19,405,
20210406,12,1,1,34,0,188,10,22,11,5,22,258,
20210406,12,1,1,11,0,709,46,140,75,31,96,1097,
20210406,12,1,1,18,0,347,61,220,186,71,42,927,
20210406,12,1,1,28,0,393,17,30,10,6,61,517,
20210406,12,1,1,37,0,112,7,32,47,33,21,252,
20210406,12,1,1,46,0,30,0,9,6,2,5,52,
20210406,12,1,2,00,0,105736,5383,4859,4593,11037,4487,136095,
20210406,12,1,2,00,1,26151,1313,666,709,1272,1658,31769,
20210406,12,1,2,10,0,5441,111,131,62,116,253,6114,
20210406,12,1,2,10,1,325,5,0,35,11,15,391,
20210406,12,1,2,44,0,3573,176,104,107,325,208,4493,
20210406,12,1,2,44,1,311,3,7,3,4,19,347,
20210406,12,1,2,27,1,1393,25,11,27,31,98,1585,
20210406,12,1,2,08,0,3452,78,82,109,558,170,4449,
20210406,12,1,2,08,1,288,1,2,1,2,16,310,
20210406,12,1,2,26,1,615,2,3,0,3,52,675,
20210406,12,1,2,43,1,3032,124,46,66,129,157,3554,
20210406,12,1,2,01,0,6343,185,417,399,866,127,8337,
20210406,12,1,2,34,0,3521,98,108,52,138,134,4051,
20210406,12,1,2,11,0,4667,256,169,146,314,265,5817,
20210406,12,1,2,18,0,3617,466,525,395,1030,170,6203,
20210406,12,1,2,28,0,2925,118,54,50,73,220,3440,
20210406,12,1,2,37,0,490,39,20,70,366,30,1015,
20210406,12,1,2,46,0,349,20,29,42,96,11,547,
20210406,13,0,1,00,0,18071,1010,2745,2044,651,338,24859,
20210406,13,0,1,00,1,3590,177,338,228,151,559,5043,
20210406,13,0,1,10,0,630,15,42,30,2,11,730,
20210406,13,0,1,10,1,45,2,4,9,1,12,73,
20210406,13,0,1,44,0,417,28,60,33,14,85,637,
20210406,13,0,1,44,1,16,0,3,0,0,5,24,
20210406,13,0,1,08,0,695,42,58,91,64,11,961,
20210406,13,0,1,08,1,234,2,1,17,8,2,264,
20210406,13,0,1,26,1,203,3,8,20,11,41,286,
20210406,13,0,1,43,1,70,1,1,0,0,2,74,
20210406,13,0,1,01,0,240,7,52,38,14,0,351,
20210406,13,0,1,34,0,185,6,20,27,7,0,245,
20210406,13,0,1,11,0,709,30,98,55,18,46,956,
20210406,13,0,1,18,0,452,63,210,183,64,10,982,
20210406,13,0,1,28,0,353,17,17,10,0,50,447,
20210406,13,0,1,37,0,107,20,59,52,21,3,262,
20210406,13,0,1,46,0,30,2,7,7,4,2,52,
20210406,13,0,2,00,0,116662,5187,4508,3971,9120,4805,144253,
20210406,13,0,2,00,1,29073,1062,632,546,1063,1779,34155,
20210406,13,0,2,24,1,218,4,16,0,0,4,242,
20210406,13,0,2,10,0,5798,132,137,76,103,279,6525,
20210406,13,0,2,10,1,327,6,4,38,27,17,419,
20210406,13,0,2,44,0,3892,203,72,96,318,224,4805,
20210406,13,0,2,44,1,192,3,7,2,1,15,220,
20210406,13,0,2,27,1,1403,20,6,18,46,95,1588,
20210406,13,0,2,08,0,3798,113,105,99,493,176,4784,
20210406,13,0,2,08,1,204,0,0,0,5,11,220,
20210406,13,0,2,26,1,681,7,3,2,2,50,745,
20210406,13,0,2,43,1,538,11,4,2,10,39,604,
20210406,13,0,2,01,0,6374,186,372,328,724,135,8119,
20210406,13,0,2,34,0,3772,107,111,35,127,136,4288,
20210406,13,0,2,11,0,5644,249,182,157,296,290,6818,
20210406,13,0,2,18,0,4193,474,437,371,931,196,6602,
20210406,13,0,2,28,0,3060,86,33,42,49,216,3486,
20210406,13,0,2,37,0,636,50,34,101,242,35,1098,
20210406,13,0,2,46,0,372,23,35,30,75,6,541,
20210406,13,1,1,00,0,18652,946,3082,2436,856,1957,27929,
20210406,13,1,1,00,1,3664,169,376,303,160,494,5166,
20210406,13,1,1,24,1,226,8,14,0,0,6,254,
20210406,13,1,1,10,0,618,15,46,34,3,61,777,
20210406,13,1,1,10,1,24,6,1,10,0,6,47,
20210406,13,1,1,44,0,467,38,72,48,17,69,711,
20210406,13,1,1,44,1,29,1,0,0,0,3,33,
20210406,13,1,1,08,0,567,34,75,125,40,87,928,
20210406,13,1,1,08,1,285,5,0,20,5,6,321,
20210406,13,1,1,26,1,223,9,11,30,14,47,334,
20210406,13,1,1,43,1,379,13,28,23,12,55,510,
20210406,13,1,1,01,0,209,9,61,67,10,16,372,
20210406,13,1,1,34,0,219,8,19,14,2,15,277,
20210406,13,1,1,11,0,676,39,91,71,20,98,995,
20210406,13,1,1,18,0,409,59,213,181,57,46,965,
20210406,13,1,1,28,0,383,12,26,8,3,63,495,
20210406,13,1,1,37,0,104,17,56,74,27,9,287,
20210406,13,1,1,46,0,32,1,6,8,1,2,50,
20210406,13,1,2,00,0,111902,5242,4753,4408,10404,4821,141530,
20210406,13,1,2,00,1,28353,1143,655,669,1118,1659,33597,
20210406,13,1,2,10,0,5535,132,126,71,92,268,6224,
20210406,13,1,2,10,1,314,17,4,29,40,12,416,
20210406,13,1,2,44,0,3627,199,76,114,361,208,4585,
20210406,13,1,2,44,1,204,7,7,3,1,18,240,
20210406,13,1,2,27,1,1498,24,17,23,30,102,1694,
20210406,13,1,2,08,0,3687,104,118,122,460,164,4655,
20210406,13,1,2,08,1,244,1,1,0,3,17,266,
20210406,13,1,2,26,1,730,7,6,1,2,65,811,
20210406,13,1,2,43,1,3081,101,42,26,74,194,3518,
20210406,13,1,2,01,0,6273,195,391,347,774,136,8116,
20210406,13,1,2,34,0,3644,114,129,52,134,133,4206,
20210406,13,1,2,11,0,5343,235,168,162,288,285,6481,
20210406,13,1,2,18,0,4131,470,477,393,943,169,6583,
20210406,13,1,2,28,0,3206,113,59,51,50,193,3672,
20210406,13,1,2,37,0,605,42,31,101,397,35,1211,
20210406,13,1,2,46,0,408,28,34,29,72,7,578,
20210406,14,0,1,00,0,19067,1004,3007,2318,817,329,26542,
20210406,14,0,1,00,1,3790,180,428,314,223,580,5515,
20210406,14,0,1,10,0,576,22,36,26,5,17,682,
20210406,14,0,1,10,1,35,1,4,5,2,7,54,
20210406,14,0,1,44,0,524,22,64,42,17,73,742,
20210406,14,0,1,44,1,22,1,0,0,0,3,26,
20210406,14,0,1,08,0,695,35,90,91,62,15,988,
20210406,14,0,1,08,1,310,4,3,18,5,3,343,
20210406,14,0,1,26,1,181,6,18,29,10,42,286,
20210406,14,0,1,43,1,72,0,2,1,1,0,76,
20210406,14,0,1,01,0,255,9,53,42,12,2,373,
20210406,14,0,1,34,0,218,10,18,18,3,3,270,
20210406,14,0,1,11,0,758,54,132,58,21,37,1060,
20210406,14,0,1,18,0,455,70,216,178,60,9,988,
20210406,14,0,1,28,0,333,15,20,10,7,31,416,
20210406,14,0,1,37,0,110,16,75,80,37,3,321,
20210406,14,0,1,46,0,24,2,6,4,2,2,40,
20210406,14,0,2,00,0,120667,5177,4491,4176,10048,5028,149587,
20210406,14,0,2,00,1,30549,1144,613,577,1149,1833,35865,
20210406,14,0,2,24,1,208,7,17,0,0,5,237,
20210406,14,0,2,10,0,4960,121,126,56,92,232,5587,
20210406,14,0,2,10,1,322,13,4,9,27,16,391,
20210406,14,0,2,44,0,4110,193,79,121,398,234,5135,
20210406,14,0,2,44,1,153,2,6,1,0,15,177,
20210406,14,0,2,27,1,1367,24,6,18,40,95,1550,
20210406,14,0,2,08,0,3987,108,97,106,610,183,5091,
20210406,14,0,2,08,1,256,1,1,0,1,16,275,
20210406,14,0,2,26,1,799,5,5,1,4,62,876,
20210406,14,0,2,43,1,641,7,5,3,5,33,694,
20210406,14,0,2,01,0,7020,208,370,375,733,159,8865,
20210406,14,0,2,34,0,3687,101,97,51,123,119,4178,
20210406,14,0,2,11,0,5972,266,167,162,340,337,7244,
20210406,14,0,2,18,0,4087,471,494,370,968,227,6617,
20210406,14,0,2,28,0,3184,109,45,39,48,214,3639,
20210406,14,0,2,37,0,655,61,32,154,280,35,1217,
20210406,14,0,2,46,0,434,20,25,36,71,13,599,
20210406,14,1,1,00,0,18929,1072,3274,2473,859,2063,28670,
20210406,14,1,1,00,1,3894,173,367,301,158,551,5444,
20210406,14,1,1,24,1,199,1,16,0,0,1,217,
20210406,14,1,1,10,0,599,23,34,27,6,66,755,
20210406,14,1,1,10,1,28,4,5,9,1,4,51,
20210406,14,1,1,44,0,524,20,68,35,12,65,724,
20210406,14,1,1,44,1,36,0,0,1,0,2,39,
20210406,14,1,1,08,0,655,32,79,101,38,87,992,
20210406,14,1,1,08,1,287,3,3,13,2,2,310,
20210406,14,1,1,26,1,197,11,8,27,10,32,285,
20210406,14,1,1,43,1,385,15,32,33,19,51,535,
20210406,14,1,1,01,0,225,10,77,64,15,15,406,
20210406,14,1,1,34,0,177,11,15,24,3,16,246,
20210406,14,1,1,11,0,780,60,143,67,31,96,1177,
20210406,14,1,1,18,0,418,64,221,189,52,41,985,
20210406,14,1,1,28,0,409,14,20,16,5,65,529,
20210406,14,1,1,37,0,117,18,77,102,32,16,362,
20210406,14,1,1,46,0,22,4,6,7,2,5,46,
20210406,14,1,2,00,0,116889,5444,4886,4487,10982,4988,147676,
20210406,14,1,2,00,1,30734,1276,612,636,1157,1837,36252,
20210406,14,1,2,10,0,5397,112,133,53,105,258,6058,
20210406,14,1,2,10,1,317,6,3,25,13,16,380,
20210406,14,1,2,44,0,3605,197,87,116,409,223,4637,
20210406,14,1,2,44,1,282,2,6,2,4,20,316,
20210406,14,1,2,27,1,1612,13,9,17,40,81,1772,
20210406,14,1,2,08,0,3815,82,107,96,482,177,4759,
20210406,14,1,2,08,1,195,0,0,0,4,18,217,
20210406,14,1,2,26,1,625,4,5,0,0,45,679,
20210406,14,1,2,43,1,3419,116,33,47,96,170,3881,
20210406,14,1,2,01,0,6695,218,390,359,713,145,8520,
20210406,14,1,2,34,0,3575,97,106,59,134,116,4087,
20210406,14,1,2,11,0,5770,281,173,154,341,322,7041,
20210406,14,1,2,18,0,4133,475,503,360,944,220,6635,
20210406,14,1,2,28,0,3465,106,50,48,56,244,3969,
20210406,14,1,2,37,0,620,47,26,130,490,32,1345,
20210406,14,1,2,46,0,406,24,24,38,73,16,581,
20210406,15,0,1,00,0,18983,970,2643,1993,694,338,25621,
20210406,15,0,1,00,1,3900,171,368,272,187,503,5401,
20210406,15,0,1,10,0,577,11,39,21,3,15,666,
20210406,15,0,1,10,1,35,2,1,4,1,3,46,
20210406,15,0,1,44,0,448,23,63,46,15,68,663,
20210406,15,0,1,44,1,28,1,0,0,1,3,33,
20210406,15,0,1,08,0,762,41,74,84,62,7,1030,
20210406,15,0,1,08,1,321,5,2,7,5,4,344,
20210406,15,0,1,26,1,218,6,17,26,15,49,331,
20210406,15,0,1,43,1,88,4,1,3,5,1,102,
20210406,15,0,1,01,0,270,11,64,54,12,0,411,
20210406,15,0,1,34,0,210,8,16,16,0,0,250,
20210406,15,0,1,11,0,782,42,101,63,22,25,1035,
20210406,15,0,1,18,0,398,65,211,157,47,6,884,
20210406,15,0,1,28,0,354,17,19,10,4,32,436,
20210406,15,0,1,37,0,125,13,64,97,23,3,325,
20210406,15,0,1,46,0,21,2,6,4,2,5,40,
20210406,15,0,2,00,0,122556,4717,4129,3783,8451,5210,148846,
20210406,15,0,2,00,1,31467,1039,581,488,984,1969,36528,
20210406,15,0,2,24,1,208,9,11,0,0,7,235,
20210406,15,0,2,10,0,4759,130,109,69,77,244,5388,
20210406,15,0,2,10,1,309,8,2,18,17,13,367,
20210406,15,0,2,44,0,3926,180,85,107,366,239,4903,
20210406,15,0,2,44,1,232,2,5,1,3,16,259,
20210406,15,0,2,27,1,1501,23,7,20,38,114,1703,
20210406,15,0,2,08,0,4319,110,104,116,538,182,5369,
20210406,15,0,2,08,1,273,0,0,1,0,21,295,
20210406,15,0,2,26,1,742,6,5,0,1,51,805,
20210406,15,0,2,43,1,769,8,5,3,13,45,843,
20210406,15,0,2,01,0,7411,181,356,358,608,157,9071,
20210406,15,0,2,34,0,3384,103,81,48,100,125,3841,
20210406,15,0,2,11,0,6420,248,163,140,274,383,7628,
20210406,15,0,2,18,0,4031,418,471,374,840,206,6340,
20210406,15,0,2,28,0,3104,94,30,35,38,212,3513,
20210406,15,0,2,37,0,686,49,33,113,301,35,1217,
20210406,15,0,2,46,0,425,30,16,38,61,19,589,
20210406,15,1,1,00,0,19272,984,2951,2205,793,2050,28255,
20210406,15,1,1,00,1,4018,170,315,251,123,573,5450,
20210406,15,1,1,24,1,242,5,16,0,0,3,266,
20210406,15,1,1,10,0,628,13,41,23,6,73,784,
20210406,15,1,1,10,1,36,2,2,9,1,6,56,
20210406,15,1,1,44,0,502,27,58,48,21,73,729,
20210406,15,1,1,44,1,28,0,0,0,0,3,31,
20210406,15,1,1,08,0,683,27,63,102,55,82,1012,
20210406,15,1,1,08,1,258,7,0,6,5,4,280,
20210406,15,1,1,26,1,222,3,8,15,4,44,296,
20210406,15,1,1,43,1,413,16,25,20,15,70,559,
20210406,15,1,1,01,0,219,11,54,36,17,20,357,
20210406,15,1,1,34,0,236,7,21,20,5,25,314,
20210406,15,1,1,11,0,755,36,107,65,26,96,1085,
20210406,15,1,1,18,0,394,53,184,151,42,33,857,
20210406,15,1,1,28,0,415,19,18,19,5,68,544,
20210406,15,1,1,37,0,115,14,73,119,40,14,375,
20210406,15,1,1,46,0,35,2,9,5,3,4,58,
20210406,15,1,2,00,0,118925,5162,4659,4150,9904,5086,147886,
20210406,15,1,2,00,1,32299,1126,633,630,1048,2021,37757,
20210406,15,1,2,10,0,5256,143,119,59,79,261,5917,
20210406,15,1,2,10,1,347,13,7,24,26,21,438,
20210406,15,1,2,44,0,3693,168,78,123,386,231,4679,
20210406,15,1,2,44,1,239,1,5,2,0,7,254,
20210406,15,1,2,27,1,1742,24,7,13,26,120,1932,
20210406,15,1,2,08,0,3948,80,105,80,413,146,4772,
20210406,15,1,2,08,1,191,2,0,0,2,8,203,
20210406,15,1,2,26,1,774,6,7,0,0,66,853,
20210406,15,1,2,43,1,3624,105,32,31,78,215,4085,
20210406,15,1,2,01,0,7088,181,363,344,554,150,8680,
20210406,15,1,2,34,0,3576,106,82,50,115,127,4056,
20210406,15,1,2,11,0,6126,273,177,149,284,344,7353,
20210406,15,1,2,18,0,4158,440,449,354,775,211,6387,
20210406,15,1,2,28,0,3566,104,40,39,46,246,4041,
20210406,15,1,2,37,0,634,51,34,102,507,35,1363,
20210406,15,1,2,46,0,371,28,28,33,64,15,539,
20210406,16,0,1,00,0,20197,906,2300,1705,582,313,26003,
20210406,16,0,1,00,1,4188,149,296,235,130,637,5635,
20210406,16,0,1,10,0,607,25,28,23,1,16,700,
20210406,16,0,1,10,1,37,2,1,2,0,5,47,
20210406,16,0,1,44,0,473,27,60,35,15,85,695,
20210406,16,0,1,44,1,49,1,3,0,1,7,61,
20210406,16,0,1,08,0,871,27,50,72,56,12,1088,
20210406,16,0,1,08,1,421,13,5,8,5,6,458,
20210406,16,0,1,26,1,280,8,17,18,5,46,374,
20210406,16,0,1,43,1,122,4,2,2,1,1,132,
20210406,16,0,1,01,0,259,8,49,39,16,1,372,
20210406,16,0,1,34,0,232,10,11,18,4,2,277,
20210406,16,0,1,11,0,854,44,83,37,16,35,1069,
20210406,16,0,1,18,0,405,51,149,112,28,14,759,
20210406,16,0,1,28,0,392,15,19,11,2,47,486,
20210406,16,0,1,37,0,124,18,44,101,25,6,318,
20210406,16,0,1,46,0,30,2,3,6,2,4,47,
20210406,16,0,2,00,0,132025,4191,4108,3580,6966,5958,156828,
20210406,16,0,2,00,1,34509,799,523,476,777,1957,39041,
20210406,16,0,2,24,1,193,2,23,0,0,3,221,
20210406,16,0,2,10,0,4709,129,103,54,84,257,5336,
20210406,16,0,2,10,1,382,7,5,8,8,28,438,
20210406,16,0,2,44,0,4220,151,92,94,278,271,5106,
20210406,16,0,2,44,1,350,3,8,1,3,20,385,
20210406,16,0,2,27,1,1759,23,16,8,18,134,1958,
20210406,16,0,2,08,0,4849,85,84,89,413,242,5762,
20210406,16,0,2,08,1,317,5,1,0,0,12,335,
20210406,16,0,2,26,1,960,7,4,0,1,99,1071,
20210406,16,0,2,43,1,1123,8,4,2,6,50,1193,
20210406,16,0,2,01,0,7396,171,350,317,528,162,8924,
20210406,16,0,2,34,0,3489,105,90,36,84,157,3961,
20210406,16,0,2,11,0,7639,221,165,135,192,432,8784,
20210406,16,0,2,18,0,4108,303,429,333,666,185,6024,
20210406,16,0,2,28,0,3777,87,30,48,27,264,4233,
20210406,16,0,2,37,0,740,42,32,129,277,58,1278,
20210406,16,0,2,46,0,411,18,21,19,46,18,533,
20210406,16,1,1,00,0,20875,1084,2639,1843,644,2230,29315,
20210406,16,1,1,00,1,4090,136,263,193,87,579,5348,
20210406,16,1,1,24,1,203,7,15,0,0,3,228,
20210406,16,1,1,10,0,669,19,29,23,1,67,808,
20210406,16,1,1,10,1,40,2,4,2,0,7,55,
20210406,16,1,1,44,0,567,24,59,30,19,87,786,
20210406,16,1,1,44,1,43,0,0,0,0,10,53,
20210406,16,1,1,08,0,728,23,48,69,39,83,990,
20210406,16,1,1,08,1,225,1,1,0,3,5,235,
20210406,16,1,1,26,1,226,2,2,3,1,45,279,
20210406,16,1,1,43,1,514,13,28,15,7,60,637,
20210406,16,1,1,01,0,208,9,40,29,6,13,305,
20210406,16,1,1,34,0,222,12,15,12,4,19,284,
20210406,16,1,1,11,0,767,46,109,46,22,97,1087,
20210406,16,1,1,18,0,397,61,125,83,35,42,743,
20210406,16,1,1,28,0,461,25,22,12,2,65,587,
20210406,16,1,1,37,0,108,13,42,79,16,18,276,
20210406,16,1,1,46,0,32,1,10,2,0,1,46,
20210406,16,1,2,00,0,128845,4821,4293,3627,7811,5746,155143,
20210406,16,1,2,00,1,34628,961,576,461,739,2124,39489,
20210406,16,1,2,10,0,5260,130,104,65,79,260,5898,
20210406,16,1,2,10,1,394,8,1,17,11,26,457,
20210406,16,1,2,44,0,3893,157,95,98,338,247,4828,
20210406,16,1,2,44,1,340,3,10,1,3,20,377,
20210406,16,1,2,27,1,2343,23,11,8,21,138,2544,
20210406,16,1,2,08,0,4487,61,72,48,299,220,5187,
20210406,16,1,2,08,1,163,1,1,1,0,7,173,
20210406,16,1,2,26,1,873,3,2,0,0,78,956,
20210406,16,1,2,43,1,4677,94,36,25,51,230,5113,
20210406,16,1,2,01,0,6897,166,338,281,461,157,8300,
20210406,16,1,2,34,0,3592,110,96,45,89,144,4076,
20210406,16,1,2,11,0,6877,231,158,124,192,395,7977,
20210406,16,1,2,18,0,4265,335,369,284,617,207,6077,
20210406,16,1,2,28,0,3969,83,37,42,35,270,4436,
20210406,16,1,2,37,0,671,40,26,88,347,54,1226,
20210406,16,1,2,46,0,390,19,21,15,51,15,511,
20210406,17,0,1,00,0,20501,773,1689,1513,471,333,25280,
20210406,17,0,1,00,1,3993,132,201,159,70,557,5112,
20210406,17,0,1,10,0,574,13,21,20,0,18,646,
20210406,17,0,1,10,1,21,0,1,0,1,5,28,
20210406,17,0,1,44,0,481,30,43,41,10,87,692,
20210406,17,0,1,44,1,52,2,1,0,0,6,61,
20210406,17,0,1,08,0,920,18,41,50,42,9,1080,
20210406,17,0,1,08,1,357,0,1,2,0,4,364,
20210406,17,0,1,26,1,288,2,2,2,2,64,360,
20210406,17,0,1,43,1,126,2,2,3,0,2,135,
20210406,17,0,1,01,0,262,9,48,39,11,2,371,
20210406,17,0,1,34,0,245,12,12,18,2,6,295,
20210406,17,0,1,11,0,812,28,63,37,16,46,1002,
20210406,17,0,1,18,0,520,28,101,105,26,5,785,
20210406,17,0,1,28,0,417,12,24,5,3,50,511,
20210406,17,0,1,37,0,132,8,33,82,31,9,295,
20210406,17,0,1,46,0,27,1,2,2,3,4,39,
20210406,17,0,2,00,0,145749,3377,4348,2917,4956,7471,168818,
20210406,17,0,2,00,1,34488,619,591,384,541,2002,38625,
20210406,17,0,2,24,1,215,4,14,0,0,6,239,
20210406,17,0,2,10,0,4670,83,86,40,52,264,5195,
20210406,17,0,2,10,1,346,3,0,0,4,23,376,
20210406,17,0,2,44,0,5041,136,71,80,188,387,5903,
20210406,17,0,2,44,1,445,3,11,0,1,34,494,
20210406,17,0,2,27,1,2081,17,13,6,6,139,2262,
20210406,17,0,2,08,0,5584,41,77,77,255,314,6348,
20210406,17,0,2,08,1,213,0,2,1,0,12,228,
20210406,17,0,2,26,1,1290,4,3,0,0,159,1456,
20210406,17,0,2,43,1,1224,8,2,3,2,64,1303,
20210406,17,0,2,01,0,7263,160,343,310,474,186,8736,
20210406,17,0,2,34,0,3433,68,85,43,63,153,3845,
20210406,17,0,2,11,0,7618,160,186,89,84,496,8633,
20210406,17,0,2,18,0,4273,195,307,271,510,208,5764,
20210406,17,0,2,28,0,4404,65,40,32,26,321,4888,
20210406,17,0,2,37,0,929,33,25,102,231,101,1421,
20210406,17,0,2,46,0,452,10,14,20,44,18,558,
20210406,17,1,1,00,0,22758,980,1995,1548,492,2510,30283,
20210406,17,1,1,00,1,4147,120,163,127,65,618,5240,
20210406,17,1,1,24,1,191,4,9,0,0,1,205,
20210406,17,1,1,10,0,711,11,23,17,1,87,850,
20210406,17,1,1,10,1,59,1,2,3,1,12,78,
20210406,17,1,1,44,0,552,34,36,35,8,105,770,
20210406,17,1,1,44,1,58,0,1,0,0,17,76,
20210406,17,1,1,08,0,858,18,34,51,24,130,1115,
20210406,17,1,1,08,1,273,1,0,1,0,2,277,
20210406,17,1,1,26,1,245,2,4,2,0,51,304,
20210406,17,1,1,43,1,532,8,16,13,4,78,651,
20210406,17,1,1,01,0,248,12,40,27,12,28,367,
20210406,17,1,1,34,0,213,14,9,9,2,34,281,
20210406,17,1,1,11,0,938,44,83,38,15,137,1255,
20210406,17,1,1,18,0,483,26,85,51,16,48,709,
20210406,17,1,1,28,0,451,15,23,10,6,73,578,
20210406,17,1,1,37,0,123,6,23,28,19,28,227,
20210406,17,1,1,46,0,55,0,6,1,1,6,69,
20210406,17,1,2,00,0,150866,3907,4354,2953,5794,7364,175238,
20210406,17,1,2,00,1,36566,708,509,320,446,2163,40712,
20210406,17,1,2,10,0,5522,108,101,40,54,303,6128,
20210406,17,1,2,10,1,601,12,3,7,8,51,682,
20210406,17,1,2,44,0,4512,147,63,77,212,364,5375,
20210406,17,1,2,44,1,569,3,9,0,1,34,616,
20210406,17,1,2,27,1,2909,24,15,3,5,182,3138,
20210406,17,1,2,08,0,5538,55,81,41,202,309,6226,
20210406,17,1,2,08,1,128,1,0,0,2,8,139,
20210406,17,1,2,26,1,1188,6,2,0,0,114,1310,
20210406,17,1,2,43,1,5026,72,22,27,27,259,5433,
20210406,17,1,2,01,0,6947,152,339,298,413,170,8319,
20210406,17,1,2,34,0,3345,83,89,35,78,160,3790,
20210406,17,1,2,11,0,8601,227,161,107,110,557,9763,
20210406,17,1,2,18,0,4392,232,297,213,455,220,5809,
20210406,17,1,2,28,0,4668,63,39,38,30,344,5182,
20210406,17,1,2,37,0,788,32,17,38,264,91,1230,
20210406,17,1,2,46,0,417,10,16,19,34,11,507,
20210406,18,0,1,00,0,16216,440,1104,1143,334,238,19475,
20210406,18,0,1,00,1,3377,91,135,123,57,512,4295,
20210406,18,0,1,10,0,407,13,16,13,2,11,462,
20210406,18,0,1,10,1,29,0,1,1,0,4,35,
20210406,18,0,1,44,0,434,14,32,23,7,97,607,
20210406,18,0,1,44,1,37,1,0,0,0,18,56,
20210406,18,0,1,08,0,725,11,28,26,18,8,816,
20210406,18,0,1,08,1,229,0,0,0,0,5,234,
20210406,18,0,1,26,1,227,2,1,2,1,59,292,
20210406,18,0,1,43,1,109,0,1,0,0,2,112,
20210406,18,0,1,01,0,210,1,27,35,12,1,286,
20210406,18,0,1,34,0,185,2,5,9,1,3,205,
20210406,18,0,1,11,0,722,21,42,30,3,37,855,
20210406,18,0,1,18,0,349,17,81,92,17,6,562,
20210406,18,0,1,28,0,399,13,21,14,1,38,486,
20210406,18,0,1,37,0,139,5,6,54,12,8,224,
20210406,18,0,1,46,0,21,0,3,1,0,5,30,
20210406,18,0,2,00,0,129543,2424,4483,2685,3559,7316,150010,
20210406,18,0,2,00,1,31269,506,573,364,408,1948,35068,
20210406,18,0,2,24,1,210,13,4,0,0,5,232,
20210406,18,0,2,10,0,4064,51,86,36,43,268,4548,
20210406,18,0,2,10,1,332,2,1,3,3,26,367,
20210406,18,0,2,44,0,5159,95,41,57,87,477,5916,
20210406,18,0,2,44,1,477,3,10,1,1,45,537,
20210406,18,0,2,27,1,2229,8,14,5,5,202,2463,
20210406,18,0,2,08,0,4719,24,65,55,166,334,5363,
20210406,18,0,2,08,1,150,0,1,0,0,18,169,
20210406,18,0,2,26,1,1110,1,3,0,0,161,1275,
20210406,18,0,2,43,1,1279,4,3,0,2,88,1376,
20210406,18,0,2,01,0,5723,134,376,259,400,161,7053,
20210406,18,0,2,34,0,2967,67,88,29,41,136,3328,
20210406,18,0,2,11,0,7085,108,172,85,68,470,7988,
20210406,18,0,2,18,0,3675,155,315,251,317,229,4942,
20210406,18,0,2,28,0,4213,61,45,45,11,368,4743,
20210406,18,0,2,37,0,850,26,17,69,223,91,1276,
20210406,18,0,2,46,0,384,12,16,16,25,17,470,
20210406,18,1,1,00,0,20228,579,1626,1277,365,2587,26662,
20210406,18,1,1,00,1,3598,81,127,97,45,549,4497,
20210406,18,1,1,24,1,119,3,4,0,0,6,132,
20210406,18,1,1,10,0,536,13,12,14,5,67,647,
20210406,18,1,1,10,1,79,1,1,1,0,22,104,
20210406,18,1,1,44,0,599,26,29,21,4,114,793,
20210406,18,1,1,44,1,46,1,0,0,0,7,54,
20210406,18,1,1,08,0,714,14,25,27,23,112,915,
20210406,18,1,1,08,1,278,1,1,1,1,2,284,
20210406,18,1,1,26,1,223,1,1,1,1,54,281,
20210406,18,1,1,43,1,463,3,7,12,3,69,557,
20210406,18,1,1,01,0,217,7,33,21,3,18,299,
20210406,18,1,1,34,0,202,5,9,5,4,22,247,
20210406,18,1,1,11,0,917,32,55,24,4,138,1170,
20210406,18,1,1,18,0,410,18,73,50,17,46,614,
20210406,18,1,1,28,0,495,13,25,15,3,72,623,
20210406,18,1,1,37,0,114,7,12,37,15,28,213,
20210406,18,1,1,46,0,27,1,2,2,2,5,39,
20210406,18,1,2,00,0,148081,2902,4811,2508,4219,8240,170761,
20210406,18,1,2,00,1,36269,485,687,270,372,2427,40510,
20210406,18,1,2,10,0,4760,59,86,39,41,279,5264,
20210406,18,1,2,10,1,833,5,1,4,6,70,919,
20210406,18,1,2,44,0,5007,95,49,48,93,521,5813,
20210406,18,1,2,44,1,441,0,7,1,0,25,474,
20210406,18,1,2,27,1,3154,11,12,6,7,253,3443,
20210406,18,1,2,08,0,5485,31,81,33,149,320,6099,
20210406,18,1,2,08,1,138,1,0,0,1,3,143,
20210406,18,1,2,26,1,1115,0,3,0,0,142,1260,
20210406,18,1,2,43,1,5125,45,28,20,31,305,5554,
20210406,18,1,2,01,0,5829,118,351,257,371,173,7099,
20210406,18,1,2,34,0,3023,69,86,29,39,152,3398,
20210406,18,1,2,11,0,8081,131,178,72,70,526,9058,
20210406,18,1,2,18,0,4055,172,297,190,307,236,5257,
20210406,18,1,2,28,0,4728,70,49,46,12,389,5294,
20210406,18,1,2,37,0,813,18,13,29,287,93,1253,
20210406,18,1,2,46,0,394,10,12,15,27,14,472,
20210406,19,0,1,00,0,10830,274,761,995,270,187,13317,
20210406,19,0,1,00,1,2623,67,138,122,42,399,3391,
20210406,19,0,1,10,0,336,6,8,17,3,11,381,
20210406,19,0,1,10,1,26,0,0,0,0,3,29,
20210406,19,0,1,44,0,291,10,24,20,3,68,416,
20210406,19,0,1,44,1,38,0,0,0,0,11,49,
20210406,19,0,1,08,0,449,10,19,20,21,4,523,
20210406,19,0,1,08,1,152,2,0,0,0,1,155,
20210406,19,0,1,26,1,174,1,1,0,0,27,203,
20210406,19,0,1,43,1,69,0,2,0,0,0,71,
20210406,19,0,1,01,0,148,2,21,35,6,0,212,
20210406,19,0,1,34,0,128,0,1,4,3,0,136,
20210406,19,0,1,11,0,479,13,17,27,8,25,569,
20210406,19,0,1,18,0,249,15,61,56,14,2,397,
20210406,19,0,1,28,0,266,4,7,7,0,24,308,
20210406,19,0,1,37,0,81,0,9,37,16,0,143,
20210406,19,0,1,46,0,16,0,1,1,0,4,22,
20210406,19,0,2,00,0,82029,1899,3540,2568,2911,4219,97166,
20210406,19,0,2,00,1,25156,463,539,467,406,1431,28462,
20210406,19,0,2,24,1,107,1,5,0,0,3,116,
20210406,19,0,2,10,0,3425,51,73,33,27,195,3804,
20210406,19,0,2,10,1,235,2,1,4,0,15,257,
20210406,19,0,2,44,0,3001,44,53,39,55,215,3407,
20210406,19,0,2,44,1,432,0,12,0,0,27,471,
20210406,19,0,2,27,1,1558,5,9,1,3,137,1713,
20210406,19,0,2,08,0,2625,25,44,40,155,177,3066,
20210406,19,0,2,08,1,148,0,0,0,0,10,158,
20210406,19,0,2,26,1,601,1,4,0,0,73,679,
20210406,19,0,2,43,1,727,3,3,0,0,45,778,
20210406,19,0,2,01,0,4200,90,366,292,312,100,5360,
20210406,19,0,2,34,0,2449,31,73,13,23,89,2678,
20210406,19,0,2,11,0,4555,76,166,68,62,321,5248,
20210406,19,0,2,18,0,2662,100,215,224,246,144,3591,
20210406,19,0,2,28,0,2770,54,39,41,9,214,3127,
20210406,19,0,2,37,0,460,6,7,52,205,53,783,
20210406,19,0,2,46,0,246,8,11,12,24,9,310,
20210406,19,1,1,00,0,13706,365,1181,993,307,1651,18203,
20210406,19,1,1,00,1,3154,68,112,103,31,562,4030,
20210406,19,1,1,24,1,88,3,8,0,0,4,103,
20210406,19,1,1,10,0,428,6,14,13,1,58,520,
20210406,19,1,1,10,1,58,1,0,0,0,14,73,
20210406,19,1,1,44,0,458,11,29,24,5,109,636,
20210406,19,1,1,44,1,23,0,0,0,0,9,32,
20210406,19,1,1,08,0,505,7,17,14,13,77,633,
20210406,19,1,1,08,1,140,1,1,0,1,1,144,
20210406,19,1,1,26,1,169,0,1,0,0,29,199,
20210406,19,1,1,43,1,355,3,9,5,6,53,431,
20210406,19,1,1,01,0,158,3,24,27,7,8,227,
20210406,19,1,1,34,0,158,1,2,1,3,17,182,
20210406,19,1,1,11,0,537,13,25,22,9,69,675,
20210406,19,1,1,18,0,300,11,68,40,19,29,467,
20210406,19,1,1,28,0,404,4,16,11,1,70,506,
20210406,19,1,1,37,0,79,1,11,21,20,9,141,
20210406,19,1,1,46,0,12,0,1,2,0,1,16,
20210406,19,1,2,00,0,98900,2310,3992,2403,3337,5139,116081,
20210406,19,1,2,00,1,32024,420,751,287,293,1954,35729,
20210406,19,1,2,10,0,3974,58,82,42,36,214,4406,
20210406,19,1,2,10,1,682,4,10,2,0,47,745,
20210406,19,1,2,44,0,3847,60,52,52,61,358,4430,
20210406,19,1,2,44,1,202,0,9,0,0,14,225,
20210406,19,1,2,27,1,2153,7,8,3,0,145,2316,
20210406,19,1,2,08,0,3472,25,56,20,137,215,3925,
20210406,19,1,2,08,1,83,1,0,0,1,3,88,
20210406,19,1,2,26,1,740,2,8,0,0,77,827,
20210406,19,1,2,43,1,3613,38,29,22,15,223,3940,
20210406,19,1,2,01,0,4209,91,359,260,283,109,5311,
20210406,19,1,2,34,0,2450,34,73,16,29,106,2708,
20210406,19,1,2,11,0,5272,89,158,82,59,349,6009,
20210406,19,1,2,18,0,3254,114,227,192,233,178,4198,
20210406,19,1,2,28,0,3785,56,43,47,20,297,4248,
20210406,19,1,2,37,0,501,12,3,29,247,60,852,
20210406,19,1,2,46,0,223,7,10,11,24,9,284,
20210406,20,0,1,00,0,8205,151,402,953,255,109,10075,
20210406,20,0,1,00,1,2288,52,111,137,34,341,2963,
20210406,20,0,1,10,0,283,7,11,8,3,15,327,
20210406,20,0,1,10,1,14,0,0,0,0,1,15,
20210406,20,0,1,44,0,233,12,12,13,1,41,312,
20210406,20,0,1,44,1,35,0,0,0,0,12,47,
20210406,20,0,1,08,0,315,6,10,19,25,3,378,
20210406,20,0,1,08,1,103,0,1,0,0,4,108,
20210406,20,0,1,26,1,138,0,1,1,0,31,171,
20210406,20,0,1,43,1,51,1,0,1,0,1,54,
20210406,20,0,1,01,0,113,7,7,34,11,0,172,
20210406,20,0,1,34,0,94,0,0,5,5,0,104,
20210406,20,0,1,11,0,430,4,14,19,5,16,488,
20210406,20,0,1,18,0,239,7,21,51,14,4,336,
20210406,20,0,1,28,0,199,3,4,3,1,11,221,
20210406,20,0,1,37,0,59,4,1,31,21,3,119,
20210406,20,0,1,46,0,8,0,0,0,0,1,9,
20210406,20,0,2,00,0,63275,1441,2713,2487,2812,3232,75960,
20210406,20,0,2,00,1,21379,359,453,363,489,1160,24203,
20210406,20,0,2,24,1,38,0,3,0,0,0,41,
20210406,20,0,2,10,0,2797,30,74,27,24,154,3106,
20210406,20,0,2,10,1,172,0,3,2,0,4,181,
20210406,20,0,2,44,0,2081,37,40,36,51,162,2407,
20210406,20,0,2,44,1,359,1,9,1,0,27,397,
20210406,20,0,2,27,1,1208,7,2,3,5,110,1335,
20210406,20,0,2,08,0,1858,10,31,34,159,132,2224,
20210406,20,0,2,08,1,154,0,1,0,0,10,165,
20210406,20,0,2,26,1,477,2,2,0,0,51,532,
20210406,20,0,2,43,1,573,4,1,1,2,29,610,
20210406,20,0,2,01,0,3557,80,324,328,343,90,4722,
20210406,20,0,2,34,0,1850,24,67,22,26,76,2065,
20210406,20,0,2,11,0,3954,68,92,41,35,262,4452,
20210406,20,0,2,18,0,2341,76,189,216,182,149,3153,
20210406,20,0,2,28,0,2190,22,15,29,20,168,2444,
20210406,20,0,2,37,0,352,3,4,32,201,31,623,
20210406,20,0,2,46,0,152,4,5,5,11,5,182,
20210406,20,1,1,00,0,9829,241,865,856,221,1169,13181,
20210406,20,1,1,00,1,2687,50,86,112,26,390,3351,
20210406,20,1,1,24,1,56,6,3,0,0,2,67,
20210406,20,1,1,10,0,342,8,8,8,1,55,422,
20210406,20,1,1,10,1,43,0,0,1,1,7,52,
20210406,20,1,1,44,0,346,17,18,18,1,58,458,
20210406,20,1,1,44,1,14,0,0,0,0,1,15,
20210406,20,1,1,08,0,346,9,15,12,8,46,436,
20210406,20,1,1,08,1,63,1,1,1,1,0,67,
20210406,20,1,1,26,1,111,0,1,0,0,20,132,
20210406,20,1,1,43,1,254,4,6,6,3,38,311,
20210406,20,1,1,01,0,125,1,22,15,5,15,183,
20210406,20,1,1,34,0,119,1,1,3,3,12,139,
20210406,20,1,1,11,0,435,4,19,22,11,57,548,
20210406,20,1,1,18,0,250,11,33,33,8,35,370,
20210406,20,1,1,28,0,287,3,9,9,2,31,341,
20210406,20,1,1,37,0,55,3,8,27,21,9,123,
20210406,20,1,1,46,0,10,1,2,1,0,0,14,
20210406,20,1,2,00,0,72867,1660,3196,2190,2600,3636,86149,
20210406,20,1,2,00,1,26881,357,553,356,300,1470,29917,
20210406,20,1,2,10,0,3398,32,85,22,29,176,3742,
20210406,20,1,2,10,1,369,4,3,1,0,26,403,
20210406,20,1,2,44,0,2567,45,50,39,55,245,3001,
20210406,20,1,2,44,1,136,0,5,1,0,7,149,
20210406,20,1,2,27,1,1374,8,7,3,0,116,1508,
20210406,20,1,2,08,0,2149,23,34,21,102,145,2474,
20210406,20,1,2,08,1,44,0,0,0,0,6,50,
20210406,20,1,2,26,1,498,2,2,0,0,54,556,
20210406,20,1,2,43,1,2676,22,9,16,29,143,2895,
20210406,20,1,2,01,0,3575,77,326,298,307,93,4676,
20210406,20,1,2,34,0,2018,32,65,20,30,77,2242,
20210406,20,1,2,11,0,4068,71,119,48,40,269,4615,
20210406,20,1,2,18,0,2557,81,200,177,190,158,3363,
20210406,20,1,2,28,0,2572,36,23,20,15,202,2868,
20210406,20,1,2,37,0,372,2,4,29,222,31,660,
20210406,20,1,2,46,0,145,4,8,5,10,5,177,
20210406,21,0,1,00,0,6574,122,206,861,213,95,8071,
20210406,21,0,1,00,1,2015,43,69,101,40,250,2518,
20210406,21,0,1,10,0,215,1,3,7,3,5,234,
20210406,21,0,1,10,1,11,0,0,0,0,2,13,
20210406,21,0,1,44,0,166,6,4,11,2,22,211,
20210406,21,0,1,44,1,33,1,0,0,0,2,36,
20210406,21,0,1,08,0,277,2,4,16,19,1,319,
20210406,21,0,1,08,1,106,0,0,0,0,1,107,
20210406,21,0,1,26,1,137,0,0,0,1,21,159,
20210406,21,0,1,43,1,37,1,0,0,0,1,39,
20210406,21,0,1,01,0,87,0,5,25,5,0,122,
20210406,21,0,1,34,0,84,1,3,3,2,0,93,
20210406,21,0,1,11,0,316,10,10,14,7,14,371,
20210406,21,0,1,18,0,158,5,4,35,5,1,208,
20210406,21,0,1,28,0,177,2,5,9,1,19,213,
20210406,21,0,1,37,0,44,1,1,24,13,3,86,
20210406,21,0,1,46,0,11,0,0,0,0,0,11,
20210406,21,0,2,00,0,47852,1219,1939,2442,2416,2489,58357,
20210406,21,0,2,00,1,17625,300,348,366,393,880,19912,
20210406,21,0,2,24,1,21,0,4,0,0,0,25,
20210406,21,0,2,10,0,1942,43,51,34,33,122,2225,
20210406,21,0,2,10,1,137,0,1,1,0,4,143,
20210406,21,0,2,44,0,1547,34,35,31,45,118,1810,
20210406,21,0,2,44,1,222,0,10,0,0,10,242,
20210406,21,0,2,27,1,994,2,1,2,0,79,1078,
20210406,21,0,2,08,0,1484,10,21,28,93,96,1732,
20210406,21,0,2,08,1,105,0,0,0,0,6,111,
20210406,21,0,2,26,1,386,1,3,0,0,50,440,
20210406,21,0,2,43,1,408,4,1,0,2,33,448,
20210406,21,0,2,01,0,2920,58,223,295,387,65,3948,
20210406,21,0,2,34,0,1279,25,43,28,29,58,1462,
20210406,21,0,2,11,0,2726,36,67,60,38,172,3099,
20210406,21,0,2,18,0,1411,59,103,143,155,90,1961,
20210406,21,0,2,28,0,1592,24,16,32,11,115,1790,
20210406,21,0,2,37,0,208,8,6,44,202,25,493,
20210406,21,0,2,46,0,108,2,4,5,12,6,137,
20210406,21,1,1,00,0,7986,155,495,751,173,972,10532,
20210406,21,1,1,00,1,2370,40,66,93,20,319,2908,
20210406,21,1,1,24,1,46,0,2,0,0,1,49,
20210406,21,1,1,10,0,261,2,4,12,5,37,321,
20210406,21,1,1,10,1,35,0,0,0,0,5,40,
20210406,21,1,1,44,0,250,7,9,16,3,45,330,
20210406,21,1,1,44,1,21,0,0,0,0,2,23,
20210406,21,1,1,08,0,308,6,9,12,8,39,382,
20210406,21,1,1,08,1,44,0,0,1,0,0,45,
20210406,21,1,1,26,1,112,2,0,0,0,22,136,
20210406,21,1,1,43,1,166,3,4,4,2,29,208,
20210406,21,1,1,01,0,90,0,11,13,5,9,128,
20210406,21,1,1,34,0,93,2,0,0,0,10,105,
20210406,21,1,1,11,0,339,8,14,18,3,48,430,
20210406,21,1,1,18,0,205,9,16,25,5,24,284,
20210406,21,1,1,28,0,215,2,2,6,0,35,260,
20210406,21,1,1,37,0,44,1,4,11,7,9,76,
20210406,21,1,1,46,0,12,0,0,0,0,3,15,
20210406,21,1,2,00,0,55732,1420,2455,2204,2172,2798,66781,
20210406,21,1,2,00,1,20969,223,448,283,313,1139,23375,
20210406,21,1,2,10,0,2450,36,61,37,31,141,2756,
20210406,21,1,2,10,1,238,4,2,1,0,16,261,
20210406,21,1,2,44,0,1955,40,42,36,55,162,2290,
20210406,21,1,2,44,1,86,0,6,1,0,2,95,
20210406,21,1,2,27,1,1278,4,9,3,0,80,1374,
20210406,21,1,2,08,0,1727,14,34,12,56,106,1949,
20210406,21,1,2,08,1,31,0,0,0,0,2,33,
20210406,21,1,2,26,1,483,1,3,0,0,62,549,
20210406,21,1,2,43,1,2149,23,9,15,17,108,2321,
20210406,21,1,2,01,0,2914,58,226,283,358,72,3911,
20210406,21,1,2,34,0,1462,23,52,22,36,70,1665,
20210406,21,1,2,11,0,2858,53,83,45,31,192,3262,
20210406,21,1,2,18,0,1733,69,119,121,161,103,2306,
20210406,21,1,2,28,0,1930,21,24,31,12,137,2155,
20210406,21,1,2,37,0,217,7,4,32,164,20,444,
20210406,21,1,2,46,0,94,2,9,4,12,3,124,
20210406,22,0,1,00,0,5041,86,149,607,171,61,6115,
20210406,22,0,1,00,1,1891,32,55,72,17,210,2277,
20210406,22,0,1,10,0,218,2,2,10,2,8,242,
20210406,22,0,1,10,1,19,0,0,0,0,4,23,
20210406,22,0,1,44,0,129,6,4,12,3,26,180,
20210406,22,0,1,44,1,33,0,0,0,0,5,38,
20210406,22,0,1,08,0,182,3,1,6,7,2,201,
20210406,22,0,1,08,1,23,1,2,0,0,0,26,
20210406,22,0,1,26,1,96,0,0,0,0,19,115,
20210406,22,0,1,43,1,51,0,1,0,0,2,54,
20210406,22,0,1,01,0,69,1,1,21,4,0,96,
20210406,22,0,1,34,0,57,3,1,5,0,0,66,
20210406,22,0,1,11,0,231,2,5,12,3,13,266,
20210406,22,0,1,18,0,91,4,6,18,6,4,129,
20210406,22,0,1,28,0,150,1,0,6,2,9,168,
20210406,22,0,1,37,0,32,1,0,31,11,0,75,
20210406,22,0,1,46,0,3,0,0,0,0,1,4,
20210406,22,0,2,00,0,32443,1057,1294,1919,1907,1784,40404,
20210406,22,0,2,00,1,13357,251,287,311,355,702,15263,
20210406,22,0,2,24,1,24,0,4,0,0,0,28,
20210406,22,0,2,10,0,1548,30,43,25,31,92,1769,
20210406,22,0,2,10,1,140,2,0,3,2,6,153,
20210406,22,0,2,44,0,1094,27,33,25,52,101,1332,
20210406,22,0,2,44,1,226,0,7,1,0,19,253,
20210406,22,0,2,27,1,750,6,1,1,1,45,804,
20210406,22,0,2,08,0,1059,25,17,13,57,73,1244,
20210406,22,0,2,08,1,28,0,0,0,1,1,30,
20210406,22,0,2,26,1,293,1,3,0,0,28,325,
20210406,22,0,2,43,1,313,1,1,0,0,20,335,
20210406,22,0,2,01,0,2200,64,156,283,360,47,3110,
20210406,22,0,2,34,0,760,21,36,25,30,37,909,
20210406,22,0,2,11,0,1821,32,50,36,29,119,2087,
20210406,22,0,2,18,0,833,43,55,97,124,52,1204,
20210406,22,0,2,28,0,1229,16,9,20,12,90,1376,
20210406,22,0,2,37,0,164,3,4,21,158,14,364,
20210406,22,0,2,46,0,60,1,0,5,7,3,76,
20210406,22,1,1,00,0,6308,124,257,721,184,701,8295,
20210406,22,1,1,00,1,2408,23,60,60,32,287,2870,
20210406,22,1,1,24,1,13,0,0,0,0,0,13,
20210406,22,1,1,10,0,205,3,4,6,1,45,264,
20210406,22,1,1,10,1,34,0,0,1,0,5,40,
20210406,22,1,1,44,0,197,7,3,11,5,33,256,
20210406,22,1,1,44,1,9,0,0,0,0,3,12,
20210406,22,1,1,08,0,204,3,8,11,9,25,260,
20210406,22,1,1,08,1,29,0,1,0,0,1,31,
20210406,22,1,1,26,1,117,0,0,0,0,15,132,
20210406,22,1,1,43,1,215,3,6,0,0,21,245,
20210406,22,1,1,01,0,51,0,4,14,6,4,79,
20210406,22,1,1,34,0,71,4,1,3,0,9,88,
20210406,22,1,1,11,0,261,5,4,9,3,36,318,
20210406,22,1,1,18,0,130,3,6,17,13,14,183,
20210406,22,1,1,28,0,199,1,3,5,1,22,231,
20210406,22,1,1,37,0,29,0,1,18,8,6,62,
20210406,22,1,1,46,0,6,0,0,0,0,0,6,
20210406,22,1,2,00,0,38994,1096,1716,2178,1937,2052,47973,
20210406,22,1,2,00,1,17113,232,366,269,328,973,19281,
20210406,22,1,2,10,0,1787,44,43,26,30,101,2031,
20210406,22,1,2,10,1,245,4,1,3,0,11,264,
20210406,22,1,2,44,0,1442,35,27,29,58,140,1731,
20210406,22,1,2,44,1,80,0,4,1,0,2,87,
20210406,22,1,2,27,1,784,2,5,4,1,64,860,
20210406,22,1,2,08,0,1254,20,24,17,50,82,1447,
20210406,22,1,2,08,1,23,0,0,0,0,0,23,
20210406,22,1,2,26,1,397,2,2,0,0,42,443,
20210406,22,1,2,43,1,1702,21,8,12,25,95,1863,
20210406,22,1,2,01,0,2272,63,161,272,357,55,3180,
20210406,22,1,2,34,0,889,26,38,31,35,46,1065,
20210406,22,1,2,11,0,2038,46,61,40,32,131,2348,
20210406,22,1,2,18,0,1026,37,68,103,166,59,1459,
20210406,22,1,2,28,0,1429,14,11,27,11,102,1594,
20210406,22,1,2,37,0,187,5,6,29,114,16,357,
20210406,22,1,2,46,0,65,1,6,6,9,3,90,
20210406,23,0,1,00,0,3084,73,120,568,121,37,4003,
20210406,23,0,1,00,1,1210,26,29,88,13,100,1466,
20210406,23,0,1,10,0,125,0,1,6,0,2,134,
20210406,23,0,1,10,1,9,0,1,0,0,2,12,
20210406,23,0,1,44,0,72,2,5,12,6,8,105,
20210406,23,0,1,44,1,21,0,0,0,0,1,22,
20210406,23,0,1,08,0,123,0,4,6,5,2,140,
20210406,23,0,1,08,1,27,0,0,0,0,0,27,
20210406,23,0,1,26,1,67,0,0,2,0,7,76,
20210406,23,0,1,43,1,22,0,0,1,1,0,24,
20210406,23,0,1,01,0,38,2,2,14,1,0,57,
20210406,23,0,1,34,0,35,0,0,3,0,0,38,
20210406,23,0,1,11,0,142,1,5,9,1,6,164,
20210406,23,0,1,18,0,52,2,4,16,7,2,83,
20210406,23,0,1,28,0,126,1,3,3,0,14,147,
20210406,23,0,1,37,0,16,0,0,22,7,1,46,
20210406,23,0,1,46,0,3,0,0,0,0,0,3,
20210406,23,0,2,00,0,17618,1072,938,1702,1685,907,23922,
20210406,23,0,2,00,1,6844,233,198,267,296,340,8178,
20210406,23,0,2,24,1,13,0,0,0,0,0,13,
20210406,23,0,2,10,0,823,22,32,30,21,55,983,
20210406,23,0,2,10,1,60,0,1,2,0,5,68,
20210406,23,0,2,44,0,479,22,32,23,46,31,633,
20210406,23,0,2,44,1,82,0,5,0,0,4,91,
20210406,23,0,2,27,1,436,3,1,0,1,43,484,
20210406,23,0,2,08,0,533,11,9,16,42,26,637,
20210406,23,0,2,08,1,16,0,0,0,0,2,18,
20210406,23,0,2,26,1,134,0,1,0,0,14,149,
20210406,23,0,2,43,1,110,0,1,1,0,3,115,
20210406,23,0,2,01,0,1394,60,123,218,292,42,2129,
20210406,23,0,2,34,0,433,14,22,22,24,32,547,
20210406,23,0,2,11,0,902,41,22,28,24,55,1072,
20210406,23,0,2,18,0,505,38,54,72,124,36,829,
20210406,23,0,2,28,0,708,14,13,30,15,51,831,
20210406,23,0,2,37,0,109,1,3,19,136,18,286,
20210406,23,0,2,46,0,34,4,2,7,6,1,54,
20210406,23,1,1,00,0,4266,118,169,637,146,452,5788,
20210406,23,1,1,00,1,1530,21,45,81,22,140,1839,
20210406,23,1,1,24,1,18,0,0,0,0,0,18,
20210406,23,1,1,10,0,150,1,3,8,1,11,174,
20210406,23,1,1,10,1,23,0,0,0,0,1,24,
20210406,23,1,1,44,0,118,3,3,19,3,18,164,
20210406,23,1,1,44,1,9,0,0,0,1,0,10,
20210406,23,1,1,08,0,130,0,5,5,1,21,162,
20210406,23,1,1,08,1,14,1,1,0,1,1,18,
20210406,23,1,1,26,1,71,0,0,0,0,9,80,
20210406,23,1,1,43,1,121,0,1,6,2,8,138,
20210406,23,1,1,01,0,56,2,3,27,4,6,98,
20210406,23,1,1,34,0,40,0,0,1,2,0,43,
20210406,23,1,1,11,0,165,2,8,7,1,19,202,
20210406,23,1,1,18,0,66,3,4,24,4,8,109,
20210406,23,1,1,28,0,144,0,1,7,0,22,174,
20210406,23,1,1,37,0,26,0,3,10,5,4,48,
20210406,23,1,1,46,0,7,0,0,0,0,0,7,
20210406,23,1,2,00,0,23327,1063,1138,1895,1772,1187,30382,
20210406,23,1,2,00,1,8731,185,271,328,327,495,10337,
20210406,23,1,2,10,0,926,22,35,21,19,62,1085,
20210406,23,1,2,10,1,144,5,2,4,1,5,161,
20210406,23,1,2,44,0,780,24,37,25,55,54,975,
20210406,23,1,2,44,1,47,0,3,0,0,4,54,
20210406,23,1,2,27,1,469,6,2,1,2,36,516,
20210406,23,1,2,08,0,735,11,10,12,58,27,853,
20210406,23,1,2,08,1,17,0,0,0,0,0,17,
20210406,23,1,2,26,1,225,2,1,0,0,20,248,
20210406,23,1,2,43,1,778,10,2,20,27,31,868,
20210406,23,1,2,01,0,1466,53,116,224,310,40,2209,
20210406,23,1,2,34,0,514,15,19,18,28,43,637,
20210406,23,1,2,11,0,1109,40,35,36,24,77,1321,
20210406,23,1,2,18,0,594,39,51,86,181,42,993,
20210406,23,1,2,28,0,882,19,13,16,10,57,997,
20210406,23,1,2,37,0,111,0,4,23,74,17,229,
20210406,23,1,2,46,0,33,4,4,8,6,1,56,
20210406,64,0,1,00,0,1,0,0,1,0,0,2,
